Note: [none]
Total # of Iterations:	1e+05	
Sample size:	110	
Maximum likelihood:	# Parameters:	AIC corr:	AIC:	Slope:	R2:
-670.5155	16	1378.881	1373.031	1.012851	0.4344194	
Model:	overall.model
PDF:	dnorm
Support interval range:	1.92

Varying parameters:
Label	MLE	Lower S.I.	Upper S.I.	Std Err	Lower Bound	Upper Bound	Final step size
aa	0.7436959	0	1	N/A	0	1	1	
ab	588.97	0	1000	N/A	0	1000	1000	
gmax	7738.833	6964.95	8744.881	N/A	0	10000	4675.325	
ca	746.2563	671.6307	811.3312	N/A	0	2000	53.29684	
cb	3.896274	3.233907	4.693157	N/A	0	1000	4.851804	
cc	1.744914	1.500626	1.975118	N/A	0	5	0.2251452	
cd	0.008072605	0.007991879	0.008172444	N/A	0	5	0.0001239254	
ce	2.475269e-321	2.475269e-321	4.75506e-316	N/A	0	1000	9.335864e-223	
cf	1315.02	1315.02	1356.118	N/A	-100	2000	933.3333	
cg	-190.1537	-193.8369	-188.2471	N/A	-1000	1000	1.130281	
ta1	314.6904	314.6904	314.6904	N/A	250	325	0.7064498	
tb1	14.53533	14.24463	14.82604	N/A	0	500	0.2801182	
pa1	1227.77	1047.327	1327.77	N/A	100	5000	647.9339	
pb1	500.2839	355.2016	1403.263	N/A	0	10000	2539.683	
pc1	0.008935963	0	1	N/A	0	1	1	
sd	108.334	95.3459	122.6006	N/A	0.1	1000	9.318845	

Non-varying parameters:
Label	Value
SIZE	BA.tree.cm2	
BA.PLOT	BA.m2ha.plot.live	
RS	RelBA	
TEMP	Tavg	
PRECIP	Precip.PRISM.sum	
FLOW	flow	
x	BAI	
mean	predicted	
log	TRUE	


Annealing regime:
Initial temp	Rt	ns	nt
3	0.95	20	100

Variance - Covariance Matrix:
[could not be calculated - Hessian matrix is singular]

Source data
Year	PlotID	Site	Trans	Plot	TreeID	BAI	CoreID	Pith	Pith.Yr	Inner	Outer	Bark	Use	Notes	Pith.offset	Tree	Spp	Genus	Canopy	Live	Age	BA.m2ha	BAI.filled	BA.tree	Stems	Density.Ha	BAI.filled.plot	BA.plot	BA.m2ha.plot	Density.ha.plot	Stems.plot	BAI.m2ha.plot	BA.m2ha.plot.live	RelBA	Site.Trans	Latitude	Longitude	elev	flow	TPI	sol	sol.lag	Anomaly	Tavg	Precip.PRISM	Tavg.PRISM	Precip.PRISM.sum	BA.tree.cm2	predicted	
1990	1	1	1	4	1	112.0151	1	2	1982	1983	2012	1	2	4	1	10	1	1	2	1	8	0.00933288	112.0151	293.2102	1	31.83099	13920.99	8116.357	15.76474	700.2817	22	0.4431189	20.84607	0.004402192	1	37.91874	-79.84931	1146.939	0.01342732	0.1730398	127071	127071	1.121213	283.7109	106.185	284.2363	1274.22	2.932102	127.3314	
1990	2	1	2	1	2	118.4179	2	1	1939	1940	2012	1	2	3	1	33	1	1	2	1	51	0.1200001	118.4179	3770.032	1	31.83099	9110.495	5306.921	13.23081	827.6057	26	0.2899961	14.42244	0.07054577	2	37.91899	-79.84276	994.1304	0.03211271	0.02124307	119858.1	119858.1	1.121213	284.7719	106.185	284.2363	1274.22	37.70032	158.8018	
1990	3	2	3	2	3	499.796	3	1	1809	1815	2012	1	2	2	6	2	1	1	1	1	181	2.538845	499.796	79762.64	1	31.83099	15782.89	8827.292	25.05038	763.9437	24	0.5023851	27.15227	0.540835	3	38.57435	-79.15297	834.3569	0.09192425	-0.1018449	103197	103197	1.121213	284.677	87.96917	283.4683	1055.63	797.6264	534.0727	
1990	3	2	3	2	4	153.7349	4	2	1969	1970	2012	1	1	5	1	6	1	1	2	1	21	0.1026165	153.7349	3223.892	1	31.83099	15782.89	8827.292	25.05038	763.9437	24	0.5023851	27.15227	0.02185978	3	38.57435	-79.15297	834.3569	0.09192425	-0.1018449	103197	103197	1.121213	284.677	87.96917	283.4683	1055.63	32.23892	139.8325	
1990	4	3	1	2	5	69.14528	5	2	1954	1955	2012	1	2	1	1	22	1	1	3	1	36	0.1529735	69.14528	4805.954	1	31.83099	12535.55	6740.045	16.71165	954.9297	30	0.399019	21.17347	0.06930901	4	37.71701	-80.1116	885.8552	0.0074163	0.2365007	99339.93	99339.93	1.121213	283.3725	95.4	285.0387	1144.8	48.05954	128.1848	
1991	1	1	1	4	1	74.21573	1	2	1982	1983	2012	1	2	4	1	10	1	1	2	1	9	0.01169517	74.21573	367.4259	1	31.83099	13053.3	8240.74	16.07851	700.2817	22	0.4154995	21.26157	0.00541462	1	37.91874	-79.84931	1146.939	0.01342732	0.1730398	127071	127071	0.9304098	283.4606	94.905	283.835	1138.86	3.674259	121.3612	
1991	2	1	2	1	2	198.2106	2	1	1939	1940	2012	1	2	3	1	33	1	1	2	1	52	0.1263092	198.2106	3968.243	1	31.83099	9204.968	5406.706	13.48683	827.6057	26	0.2930032	14.71545	0.07262423	2	37.91899	-79.84276	994.1304	0.03211271	0.02124307	119858.1	119858.1	0.9304098	284.5228	94.905	283.835	1138.86	39.68243	152.0851	
1991	3	2	3	2	3	265.5287	3	1	1809	1815	2012	1	2	2	6	2	1	1	1	1	182	2.547296	265.5287	80028.16	1	31.83099	14032.41	8983.028	25.46395	795.7747	25	0.4466654	27.59893	0.5351846	3	38.57435	-79.15297	834.3569	0.09192425	-0.1018449	103197	103197	0.9304098	284.425	83.3375	283.355	1000.05	800.2816	487.1126	
1991	3	2	3	2	4	155.0887	4	2	1969	1970	2012	1	1	5	1	6	1	1	2	1	22	0.107553	155.0887	3378.981	1	31.83099	14032.41	8983.028	25.46395	795.7747	25	0.4466654	27.59893	0.02259678	3	38.57435	-79.15297	834.3569	0.09192425	-0.1018449	103197	103197	0.9304098	284.425	83.3375	283.355	1000.05	33.78981	129.125	
1991	4	3	1	2	5	78.51531	5	2	1954	1955	2012	1	2	1	1	22	1	1	3	1	37	0.1554726	78.51531	4884.469	1	31.83099	13533.49	6904.423	17.09452	986.7606	31	0.4307843	21.60426	0.0691157	4	37.71701	-80.1116	885.8552	0.0074163	0.2365007	99339.93	99339.93	0.9304098	283.1767	87.6725	284.6058	1052.07	48.84469	118.6448	
1992	1	1	1	4	1	80.77153	1	2	1982	1983	2012	1	2	4	1	10	1	1	2	1	10	0.01426612	80.77153	448.1974	1	31.83099	13212.52	8369.67	16.39652	732.1127	23	0.4205676	21.68214	0.006514865	1	37.91874	-79.84931	1146.939	0.01342732	0.1730398	127071	127071	-0.4797465	282.112	99.13417	282.5875	1189.61	4.481974	100.3112	
1992	2	1	2	1	2	173.512	2	1	1939	1940	2012	1	2	3	1	33	1	1	2	1	53	0.1318321	173.512	4141.755	1	31.83099	9495.376	5509.2	13.75146	827.6057	26	0.3022472	15.01769	0.07469922	2	37.91899	-79.84276	994.1304	0.03211271	0.02124307	119858.1	119858.1	-0.4797465	283.1208	99.13417	282.5875	1189.61	41.41755	125.9599	
1992	3	2	3	2	3	331.2753	3	1	1809	1815	2012	1	2	2	6	2	1	1	1	1	183	2.557841	331.2753	80359.44	1	31.83099	15871.95	9157.216	25.93626	795.7747	25	0.5052197	28.10415	0.5288853	3	38.57435	-79.15297	834.3569	0.09192425	-0.1018449	103197	103197	-0.4797465	282.974	76.3625	281.8608	916.35	803.5944	355.0541	
1992	3	2	3	2	4	128.0341	4	2	1969	1970	2012	1	1	5	1	6	1	1	2	1	23	0.1116283	128.0341	3507.015	1	31.83099	15871.95	9157.216	25.93626	795.7747	25	0.5052197	28.10415	0.02308141	3	38.57435	-79.15297	834.3569	0.09192425	-0.1018449	103197	103197	-0.4797465	282.974	76.3625	281.8608	916.35	35.07015	95.42497	
1992	4	3	1	2	5	113.763	5	2	1954	1955	2012	1	2	1	1	22	1	1	3	1	38	0.1590937	113.763	4998.232	1	31.83099	12751.22	7061.601	17.45108	986.7606	31	0.405884	22.01014	0.06947192	4	37.71701	-80.1116	885.8552	0.0074163	0.2365007	99339.93	99339.93	-0.4797465	281.6544	88.04417	283.4813	1056.53	49.98232	94.37351	
1993	1	1	1	4	1	73.71567	1	2	1982	1983	2012	1	2	4	1	10	1	1	2	1	11	0.01661249	73.71567	521.9131	1	31.83099	14504.6	8514.463	16.75473	732.1127	23	0.4616957	22.14383	0.007458086	1	37.91874	-79.84931	1146.939	0.01342732	0.1730398	127071	127071	-0.1483372	282.3832	105.35	282.9688	1264.2	5.219131	104.6308	
1993	2	1	2	1	2	53.0886	2	1	1939	1940	2012	1	2	3	1	33	1	1	2	1	54	0.1335219	53.0886	4194.843	1	31.83099	10302.73	5619.572	14.04117	827.6057	26	0.3279462	15.34564	0.07450816	2	37.91899	-79.84276	994.1304	0.03211271	0.02124307	119858.1	119858.1	-0.1483372	283.4034	105.35	282.9688	1264.2	41.94843	131.3454	
1993	3	2	3	2	3	362.1716	3	1	1809	1815	2012	1	2	2	6	2	1	1	1	1	184	2.569369	362.1716	80721.61	1	31.83099	14549.52	9317.111	26.36307	795.7747	25	0.4631256	28.56728	0.5230606	3	38.57435	-79.15297	834.3569	0.09192425	-0.1018449	103197	103197	-0.1483372	283.2741	84.80917	281.9692	1017.71	807.2161	407.4175	
1993	3	2	3	2	4	175.6527	4	2	1969	1970	2012	1	1	5	1	6	1	1	2	1	24	0.1172193	175.6527	3682.668	1	31.83099	14549.52	9317.111	26.36307	795.7747	25	0.4631256	28.56728	0.02386298	3	38.57435	-79.15297	834.3569	0.09192425	-0.1018449	103197	103197	-0.1483372	283.2741	84.80917	281.9692	1017.71	36.82668	110.9553	
1993	4	3	1	2	5	12.86011	5	2	1954	1955	2012	1	2	1	1	22	1	1	3	1	39	0.1595031	12.86011	5011.092	1	31.83099	12663.06	7217.44	17.80338	986.7606	31	0.4030777	22.41322	0.0682197	4	37.71701	-80.1116	885.8552	0.0074163	0.2365007	99339.93	99339.93	-0.1483372	282.0167	91.95917	283.7754	1103.51	50.11092	102.4406	
1994	1	1	1	4	1	91.27332	1	2	1982	1983	2012	1	2	4	1	10	1	1	2	1	12	0.01951772	91.27332	613.1864	1	31.83099	16556.91	8679.454	17.17722	732.1127	23	0.527023	22.67086	0.0085581	1	37.91874	-79.84931	1146.939	0.01342732	0.1730398	127071	127071	-0.1647616	282.4812	114.1417	282.9983	1369.7	6.131864	102.3211	
1994	2	1	2	1	2	119.1135	2	1	1939	1940	2012	1	2	3	1	33	1	1	2	1	55	0.1373132	119.1135	4313.957	1	31.83099	11006.87	5736.789	14.35267	827.6057	26	0.3503595	15.696	0.07494155	2	37.91899	-79.84276	994.1304	0.03211271	0.02124307	119858.1	119858.1	-0.1647616	283.4794	114.1417	282.9983	1369.7	43.13957	128.0037	
1994	3	2	3	2	3	322.6139	3	1	1809	1815	2012	1	2	2	6	2	1	1	1	1	185	2.579638	322.6139	81044.23	1	31.83099	17789.99	9512.058	26.89606	827.6057	26	0.5662729	29.13355	0.5124546	3	38.57435	-79.15297	834.3569	0.09192425	-0.1018449	103197	103197	-0.1647616	283.2952	90.06667	282.2063	1080.8	810.4423	417.5006	
1994	3	2	3	2	4	121.9663	4	2	1969	1970	2012	1	1	5	1	6	1	1	2	1	25	0.1211015	121.9663	3804.634	1	31.83099	17789.99	9512.058	26.89606	827.6057	26	0.5662729	29.13355	0.02405726	3	38.57435	-79.15297	834.3569	0.09192425	-0.1018449	103197	103197	-0.1647616	283.2952	90.06667	282.2063	1080.8	38.04634	116.4247	
1994	4	3	1	2	5	47.71899	5	2	1954	1955	2012	1	2	1	1	22	1	1	3	1	40	0.161022	47.71899	5058.811	1	31.83099	11086.52	7357.058	18.10404	986.7606	31	0.352895	22.76612	0.06791618	4	37.71701	-80.1116	885.8552	0.0074163	0.2365007	99339.93	99339.93	-0.1647616	281.9975	89.57833	283.8608	1074.94	50.58811	100.4843	
1995	1	1	1	4	1	67.54542	1	2	1982	1983	2012	1	2	4	1	10	1	1	2	1	13	0.02166769	67.54542	680.7318	1	31.83099	17223.44	8850.784	17.61989	732.1127	23	0.5482391	23.2191	0.009280698	1	37.91874	-79.84931	1146.939	0.01342732	0.1730398	127071	127071	-0.2506454	282.2887	102.4092	282.7788	1228.91	6.807318	103.4695	
1995	2	1	2	1	2	54.11354	2	1	1939	1940	2012	1	2	3	1	33	1	1	2	1	56	0.1390357	54.11354	4368.07	1	31.83099	10459.88	5848.341	14.64614	827.6057	26	0.3329482	16.02895	0.073905	2	37.91899	-79.84276	994.1304	0.03211271	0.02124307	119858.1	119858.1	-0.2506454	283.3097	102.4092	282.7788	1228.91	43.6807	129.7477	
1995	3	2	3	2	3	870.213	3	1	1809	1815	2012	1	2	2	6	2	1	1	1	1	186	2.607337	870.213	81914.44	1	31.83099	20034.54	9733.93	27.49961	827.6057	26	0.6377193	29.77127	0.5062126	3	38.57435	-79.15297	834.3569	0.09192425	-0.1018449	103197	103197	-0.2506454	283.1657	91.10667	281.9913	1093.28	819.1444	406.5938	
1995	3	2	3	2	4	136.4331	4	2	1969	1970	2012	1	1	5	1	6	1	1	2	1	26	0.1254442	136.4331	3941.067	1	31.83099	20034.54	9733.93	27.49961	827.6057	26	0.6377193	29.77127	0.0243549	3	38.57435	-79.15297	834.3569	0.09192425	-0.1018449	103197	103197	-0.2506454	283.1657	91.10667	281.9913	1093.28	39.41067	115.0266	
1995	4	3	1	2	5	28.4754	5	2	1954	1955	2012	1	2	1	1	22	1	1	3	1	41	0.1619283	28.4754	5087.286	1	31.83099	14606.77	7531.423	18.5153	986.7606	31	0.4649479	23.23106	0.06676787	4	37.71701	-80.1116	885.8552	0.0074163	0.2365007	99339.93	99339.93	-0.2506454	281.8863	93.95167	283.49	1127.42	50.87286	101.235	
1996	1	1	1	4	1	218.2226	1	2	1982	1983	2012	1	2	4	1	10	1	1	2	1	14	0.02861372	218.2226	898.9544	1	31.83099	12277.47	8972.328	17.9041	732.1127	23	0.3908039	23.6099	0.01207343	1	37.91874	-79.84931	1146.939	0.01342732	0.1730398	127071	127071	-0.7817626	281.7964	133.8492	282.0079	1606.19	8.989544	72.09759	
1996	2	1	2	1	2	58.07171	2	1	1939	1940	2012	1	2	3	1	33	1	1	2	1	57	0.1408841	58.07171	4426.142	1	31.83099	9171.877	5946.818	14.89799	827.6057	26	0.2919499	16.3209	0.07403766	2	37.91899	-79.84276	994.1304	0.03211271	0.02124307	119858.1	119858.1	-0.7817626	282.7904	133.8492	282.0079	1606.19	44.26142	90.13189	
1996	3	2	3	2	3	324.9865	3	1	1809	1815	2012	1	2	2	6	2	1	1	1	1	187	2.617681	324.9865	82239.43	1	31.83099	19475.43	9949.886	28.08432	827.6057	26	0.6199223	30.39119	0.4958288	3	38.57435	-79.15297	834.3569	0.09192425	-0.1018449	103197	103197	-0.7817626	282.6319	142.7142	281.3012	1712.57	822.3943	236.7065	
1996	3	2	3	2	4	115.4221	4	2	1969	1970	2012	1	1	5	1	6	1	1	2	1	27	0.1291181	115.4221	4056.489	1	31.83099	19475.43	9949.886	28.08432	827.6057	26	0.6199223	30.39119	0.02445693	3	38.57435	-79.15297	834.3569	0.09192425	-0.1018449	103197	103197	-0.7817626	282.6319	142.7142	281.3012	1712.57	40.56489	68.60193	
1996	4	3	1	2	5	50.66596	5	2	1954	1955	2012	1	2	1	1	22	1	1	3	1	42	0.163541	50.66596	5137.952	1	31.83099	11200.54	7671.411	18.81669	1018.592	32	0.3565243	23.58759	0.06626919	4	37.71701	-80.1116	885.8552	0.0074163	0.2365007	99339.93	99339.93	-0.7817626	281.3349	118.1742	282.8488	1418.09	51.37952	88.05631	
1997	1	1	1	4	1	284.8803	1	2	1982	1983	2012	1	2	4	1	10	1	1	2	1	15	0.03768146	284.8803	1183.835	1	31.83099	14551.11	9116.283	18.25963	732.1127	23	0.4631761	24.07308	0.0155773	1	37.91874	-79.84931	1146.939	0.01342732	0.1730398	127071	127071	-0.6235046	281.9657	86.88	282.0867	1042.56	11.83835	92.20609	
1997	2	1	2	1	2	162.7977	2	1	1939	1940	2012	1	2	3	1	33	1	1	2	1	58	0.146066	162.7977	4588.94	1	31.83099	9111.452	6044.495	15.14729	827.6057	26	0.2900265	16.61092	0.0758951	2	37.91899	-79.84276	994.1304	0.03211271	0.02124307	119858.1	119858.1	-0.6235046	282.9731	86.88	282.0867	1042.56	45.8894	115.6398	
1997	3	2	3	2	3	325.6298	3	1	1809	1815	2012	1	2	2	6	2	1	1	1	1	188	2.628046	325.6298	82565.05	1	31.83099	15033.54	10121.1	28.52662	827.6057	26	0.4785324	30.86972	0.4876325	3	38.57435	-79.15297	834.3569	0.09192425	-0.1018449	103197	103197	-0.6235046	282.8281	79.27833	281.5571	951.34	825.6505	329.4783	
1997	3	2	3	2	4	46.60867	4	2	1969	1970	2012	1	1	5	1	6	1	1	2	1	28	0.1306016	46.60867	4103.098	1	31.83099	15033.54	10121.1	28.52662	827.6057	26	0.4785324	30.86972	0.02423306	3	38.57435	-79.15297	834.3569	0.09192425	-0.1018449	103197	103197	-0.6235046	282.8281	79.27833	281.5571	951.34	41.03098	97.34773	
1997	4	3	1	2	5	32.60384	5	2	1954	1955	2012	1	2	1	1	22	1	1	3	1	43	0.1645788	32.60384	5170.556	1	31.83099	11328.9	7818.534	19.12071	1018.592	32	0.36061	23.9482	0.06572023	4	37.71701	-80.1116	885.8552	0.0074163	0.2365007	99339.93	99339.93	-0.6235046	281.4976	74.37167	282.8067	892.46	51.70556	77.52673	
1998	1	1	1	4	1	120.5246	1	2	1982	1983	2012	1	2	4	1	10	1	1	2	1	16	0.04151776	120.5246	1304.359	1	31.83099	15720.66	9271.607	18.65136	732.1127	23	0.5004043	24.57348	0.01673475	1	37.91874	-79.84931	1146.939	0.01342732	0.1730398	127071	127071	1.11728	283.6588	100.7042	284.53	1208.45	13.04359	127.4666	
1998	2	1	2	1	2	224.7527	2	1	1939	1940	2012	1	2	3	1	33	1	1	2	1	59	0.1532198	224.7527	4813.692	1	31.83099	10803.04	6158.892	15.44982	827.6057	26	0.3438715	16.95479	0.07821182	2	37.91899	-79.84276	994.1304	0.03211271	0.02124307	119858.1	119858.1	1.11728	284.7306	100.7042	284.53	1208.45	48.13692	160.5619	
1998	3	2	3	2	3	678.7574	3	1	1809	1815	2012	1	2	2	6	2	1	1	1	1	189	2.649651	678.7574	83243.81	1	31.83099	18654.65	10328.19	29.08313	827.6057	26	0.5937959	31.46352	0.4809677	3	38.57435	-79.15297	834.3569	0.09192425	-0.1018449	103197	103197	1.11728	284.6456	80.91667	283.3079	971	832.4381	432.0658	
1998	3	2	3	2	4	114.0697	4	2	1969	1970	2012	1	1	5	1	6	1	1	2	1	29	0.1342324	114.0697	4217.168	1	31.83099	18654.65	10328.19	29.08313	827.6057	26	0.5937959	31.46352	0.02436603	3	38.57435	-79.15297	834.3569	0.09192425	-0.1018449	103197	103197	1.11728	284.6456	80.91667	283.3079	971	42.17168	129.7449	
1998	4	3	1	2	5	32.70202	5	2	1954	1955	2012	1	2	1	1	22	1	1	3	1	44	0.1656197	32.70202	5203.258	1	31.83099	12608.57	7977.933	19.4638	1018.592	32	0.4013432	24.34954	0.06517326	4	37.71701	-80.1116	885.8552	0.0074163	0.2365007	99339.93	99339.93	1.11728	283.376	95.70583	284.4704	1148.47	52.03258	127.5507	
1999	1	1	1	4	1	131.2866	1	2	1982	1983	2012	1	2	4	1	10	1	1	2	1	17	0.04569661	131.2866	1435.646	1	31.83099	13191.25	9401.312	18.96154	732.1127	23	0.4198904	24.99337	0.01808391	1	37.91874	-79.84931	1146.939	0.01342732	0.1730398	127071	127071	0.3926551	282.9654	87.38333	283.2463	1048.6	14.35646	108.0284	
1999	2	1	2	1	2	72.23268	2	1	1939	1940	2012	1	2	3	1	33	1	1	2	1	60	0.155519	72.23268	4885.925	1	31.83099	9850.919	6263.573	15.72141	827.6057	26	0.3135645	17.26836	0.07853935	2	37.91899	-79.84276	994.1304	0.03211271	0.02124307	119858.1	119858.1	0.3926551	283.9931	87.38333	283.2463	1048.6	48.85925	135.6667	
1999	3	2	3	2	3	199.561	3	1	1809	1815	2012	1	2	2	6	2	1	1	1	1	190	2.656003	199.561	83443.37	1	31.83099	12047.72	10468.89	29.42831	827.6057	26	0.3834909	31.84701	0.474475	3	38.57435	-79.15297	834.3569	0.09192425	-0.1018449	103197	103197	0.3926551	283.8651	71.88583	282.4554	862.63	834.4337	266.5091	
1999	3	2	3	2	4	79.65343	4	2	1969	1970	2012	1	1	5	1	6	1	1	2	1	30	0.1367678	79.65343	4296.821	1	31.83099	12047.72	10468.89	29.42831	827.6057	26	0.3834909	31.84701	0.02443255	3	38.57435	-79.15297	834.3569	0.09192425	-0.1018449	103197	103197	0.3926551	283.8651	71.88583	282.4554	862.63	42.96821	53.83677	
1999	4	3	1	2	5	19.66833	5	2	1954	1955	2012	1	2	1	1	22	1	1	3	1	45	0.1662458	19.66833	5222.927	1	31.83099	11056.56	8121.29	19.75584	1018.592	32	0.3519413	24.70148	0.06454731	4	37.71701	-80.1116	885.8552	0.0074163	0.2365007	99339.93	99339.93	0.3926551	282.5991	82.04167	283.9154	984.5	52.22927	102.0357	
2000	1	1	1	4	1	187.8794	1	2	1982	1983	2012	1	2	4	1	10	1	1	2	1	18	0.05167681	187.8794	1623.525	1	31.83099	13879.86	9537.577	19.2926	732.1127	23	0.4418098	25.43518	0.02005648	1	37.91874	-79.84931	1146.939	0.01342732	0.1730398	127071	127071	-0.3248141	282.2429	92.4775	282.6088	1109.73	16.23525	100.5064	
2000	2	1	2	1	2	112.5193	2	1	1939	1940	2012	1	2	3	1	33	1	1	2	1	61	0.1591005	112.5193	4998.444	1	31.83099	10742.75	6376.976	16.02077	827.6057	26	0.3419523	17.61031	0.07894461	2	37.91899	-79.84276	994.1304	0.03211271	0.02124307	119858.1	119858.1	-0.3248141	283.2614	92.4775	282.6088	1109.73	49.98444	126.4171	
2000	3	2	3	2	3	5.120089	3	1	1809	1815	2012	1	2	2	6	2	1	1	1	1	191	2.656166	5.120089	83448.49	1	31.83099	22903.67	10717.83	30.118	827.6057	26	0.7290466	32.57606	0.4611547	3	38.57435	-79.15297	834.3569	0.09192425	-0.1018449	103197	103197	-0.3248141	283.1055	80.8825	281.8429	970.59	834.4849	252.2274	
2000	3	2	3	2	4	68.31998	4	2	1969	1970	2012	1	1	5	1	6	1	1	2	1	31	0.1389424	68.31998	4365.141	1	31.83099	22903.67	10717.83	30.118	827.6057	26	0.7290466	32.57606	0.02412273	3	38.57435	-79.15297	834.3569	0.09192425	-0.1018449	103197	103197	-0.3248141	283.1055	80.8825	281.8429	970.59	43.65141	50.43495	
2000	4	3	1	2	5	38.12566	5	2	1954	1955	2012	1	2	1	1	22	1	1	3	1	46	0.1674593	38.12566	5261.052	1	31.83099	13481	8288.37	20.12338	1018.592	32	0.4291137	25.1306	0.06404544	4	37.71701	-80.1116	885.8552	0.0074163	0.2365007	99339.93	99339.93	-0.3248141	281.7916	85.2525	283.3075	1023.03	52.61052	93.20704	
2001	1	1	1	4	1	214.0622	1	2	1982	1983	2012	1	2	4	1	10	1	1	2	1	19	0.05849041	214.0622	1837.588	1	31.83099	15447.03	9689.188	19.67251	732.1127	23	0.4916943	25.92688	0.02224425	1	37.91874	-79.84931	1146.939	0.01342732	0.1730398	127071	127071	0.2099438	282.831	79.11667	283.3146	949.4	18.37588	96.96466	
2001	2	1	2	1	2	102.0478	2	1	1939	1940	2012	1	2	3	1	33	1	1	2	1	62	0.1623487	102.0478	5100.492	1	31.83099	9723.861	6479.996	16.28708	827.6057	26	0.3095201	17.91983	0.08000492	2	37.91899	-79.84276	994.1304	0.03211271	0.02124307	119858.1	119858.1	0.2099438	283.8389	79.11667	283.3146	949.4	51.00492	121.4846	
2001	3	2	3	2	3	10.24065	3	1	1809	1815	2012	1	2	2	6	2	1	1	1	1	192	2.656492	10.24065	83458.73	1	31.83099	20283.01	10942.09	30.72324	859.4367	27	0.6456283	33.22169	0.4541331	3	38.57435	-79.15297	834.3569	0.09192425	-0.1018449	103197	103197	0.2099438	283.6911	68.26167	282.3658	819.14	834.5873	213.0362	
2001	3	2	3	2	4	60.34999	4	2	1969	1970	2012	1	1	5	1	6	1	1	2	1	32	0.1408634	60.34999	4425.491	1	31.83099	20283.01	10942.09	30.72324	859.4367	27	0.6456283	33.22169	0.02408091	3	38.57435	-79.15297	834.3569	0.09192425	-0.1018449	103197	103197	0.2099438	283.6911	68.26167	282.3658	819.14	44.25491	41.61596	
2001	4	3	1	2	5	19.77201	5	2	1954	1955	2012	1	2	1	1	22	1	1	3	1	47	0.1680886	19.77201	5280.824	1	31.83099	13166.17	8451.781	20.47924	1018.592	32	0.4190921	25.54969	0.06332347	4	37.71701	-80.1116	885.8552	0.0074163	0.2365007	99339.93	99339.93	0.2099438	282.4002	74.86417	283.8142	898.37	52.80824	89.53217	
2002	1	1	1	4	1	146.5459	1	2	1982	1983	2012	1	2	4	1	10	1	1	2	1	20	0.06315497	146.5459	1984.133	1	31.83099	15914.25	9845.145	20.06625	732.1127	23	0.5065663	26.43344	0.02354861	1	37.91874	-79.84931	1146.939	0.01342732	0.1730398	127071	127071	0.4989653	283.0381	93.8975	283.4463	1126.77	19.84133	114.5249	
2002	2	1	2	1	2	61.1771	2	1	1939	1940	2012	1	2	3	1	33	1	1	2	1	63	0.1642959	61.1771	5161.669	1	31.83099	10448.44	6590.065	16.57583	827.6057	26	0.3325841	18.25242	0.08026495	2	37.91899	-79.84276	994.1304	0.03211271	0.02124307	119858.1	119858.1	0.4989653	284.0913	93.8975	283.4463	1126.77	51.61669	144.2038	
2002	3	2	3	2	3	220.3259	3	1	1809	1815	2012	1	2	2	6	2	1	1	1	1	193	2.663504	220.3259	83679.06	1	31.83099	17569.03	11143.46	31.24099	859.4367	27	0.5592394	33.78093	0.4457124	3	38.57435	-79.15297	834.3569	0.09192425	-0.1018449	103197	103197	0.4989653	283.9742	84.97833	282.6213	1019.74	836.7906	268.1352	
2002	3	2	3	2	4	72.93836	4	2	1969	1970	2012	1	1	5	1	6	1	1	2	1	33	0.143185	72.93836	4498.429	1	31.83099	17569.03	11143.46	31.24099	859.4367	27	0.5592394	33.78093	0.02396067	3	38.57435	-79.15297	834.3569	0.09192425	-0.1018449	103197	103197	0.4989653	283.9742	84.97833	282.6213	1019.74	44.98429	51.85445	
2002	4	3	1	2	5	2.638938	5	2	1954	1955	2012	1	2	1	1	22	1	1	3	1	48	0.1681726	2.638938	5283.463	1	31.83099	12515.2	8608.16	20.81272	1018.592	32	0.3983712	25.94806	0.06243655	4	37.71701	-80.1116	885.8552	0.0074163	0.2365007	99339.93	99339.93	0.4989653	282.6935	89.20333	284.0775	1070.44	52.83463	110.5138	
2003	1	1	1	4	1	39.93844	1	2	1982	1983	2012	1	2	4	1	10	1	1	2	1	21	0.06442621	39.93844	2024.072	1	31.83099	13998.6	9981.62	20.39798	732.1127	23	0.4455894	26.87903	0.02352743	1	37.91874	-79.84931	1146.939	0.01342732	0.1730398	127071	127071	-0.4256938	282.1888	134.0475	282.5288	1608.57	20.24072	76.87482	
2003	2	1	2	1	2	115.4774	2	1	1939	1940	2012	1	2	3	1	33	1	1	2	1	64	0.1679716	115.4774	5277.147	1	31.83099	12864.3	6724.097	16.94085	827.6057	26	0.4094835	18.6619	0.08158738	2	37.91899	-79.84276	994.1304	0.03211271	0.02124307	119858.1	119858.1	-0.4256938	283.1835	134.0475	282.5288	1608.57	52.77147	96.55096	
2003	3	2	3	2	3	10.25479	3	1	1809	1815	2012	1	2	2	6	2	1	1	1	1	194	2.663831	10.25479	83689.31	1	31.83099	19865.13	11367.39	31.83058	859.4367	27	0.6323267	34.41325	0.4347861	3	38.57435	-79.15297	834.3569	0.09192425	-0.1018449	103197	103197	-0.4256938	283	122.42	281.8154	1469.04	836.8931	208.8433	
2003	3	2	3	2	4	21.99178	4	2	1969	1970	2012	1	1	5	1	6	1	1	2	1	34	0.143885	21.99178	4520.421	1	31.83099	19865.13	11367.39	31.83058	859.4367	27	0.6323267	34.41325	0.02348467	3	38.57435	-79.15297	834.3569	0.09192425	-0.1018449	103197	103197	-0.4256938	283	122.42	281.8154	1469.04	45.20421	40.23449	
2003	4	3	1	2	5	2.639566	5	2	1954	1955	2012	1	2	1	1	22	1	1	3	1	49	0.1682566	2.639566	5286.103	1	31.83099	11285.51	8751.722	21.1054	1018.592	32	0.3592289	26.30729	0.06165505	4	37.71701	-80.1116	885.8552	0.0074163	0.2365007	99339.93	99339.93	-0.4256938	281.7035	123.265	283.3138	1479.18	52.86103	87.77127	
2004	1	1	1	4	1	58.8923	1	2	1982	1983	2012	1	2	4	1	10	1	1	2	1	22	0.06630075	58.8923	2082.964	1	31.83099	17973.64	10157.52	20.85519	732.1127	23	0.5721188	27.45115	0.02337291	1	37.91874	-79.84931	1146.939	0.01342732	0.1730398	127071	127071	0.1238402	282.6991	102.8092	282.9429	1233.71	20.82964	111.0357	
2004	2	1	2	1	2	22.44833	2	1	1939	1940	2012	1	2	3	1	33	1	1	2	1	65	0.1686861	22.44833	5299.595	1	31.83099	15271.66	6882.008	17.38188	827.6057	26	0.486112	19.14801	0.08021757	2	37.91899	-79.84276	994.1304	0.03211271	0.02124307	119858.1	119858.1	0.1238402	283.7296	102.8092	282.9429	1233.71	52.99595	139.5758	
2004	3	2	3	2	3	328.4849	3	1	1809	1815	2012	1	2	2	6	2	1	1	1	1	195	2.674287	328.4849	84017.8	1	31.83099	17665.98	11568.95	32.34893	859.4367	27	0.5623254	34.97558	0.4296509	3	38.57435	-79.15297	834.3569	0.09192425	-0.1018449	103197	103197	0.1238402	283.5804	84.1675	282.3792	1010.01	840.178	221.7357	
2004	3	2	3	2	4	60.12435	4	2	1969	1970	2012	1	1	5	1	6	1	1	2	1	35	0.1457988	60.12435	4580.546	1	31.83099	17665.98	11568.95	32.34893	859.4367	27	0.5623254	34.97558	0.02342403	3	38.57435	-79.15297	834.3569	0.09192425	-0.1018449	103197	103197	0.1238402	283.5804	84.1675	282.3792	1010.01	45.80546	41.87524	
2004	4	3	1	2	5	18.49456	5	2	1954	1955	2012	1	2	1	1	22	1	1	3	1	50	0.1688453	18.49456	5304.597	1	31.83099	13908.87	8920.995	21.47993	1018.592	32	0.442733	26.75002	0.06067713	4	37.71701	-80.1116	885.8552	0.0074163	0.2365007	99339.93	99339.93	0.1238402	282.296	102.7592	283.9092	1233.11	53.04597	108.9894	
2005	1	1	1	4	1	321.36	1	2	1982	1983	2012	1	2	4	1	10	1	1	2	1	23	0.07652964	321.36	2404.324	1	31.83099	18565.02	10339.01	21.3302	732.1127	23	0.590943	28.04209	0.02614923	1	37.91874	-79.84931	1146.939	0.01342732	0.1730398	127071	127071	0.1393449	282.688	87.86167	283.1775	1054.34	24.04324	104.63	
2005	2	1	2	1	2	398.1416	2	1	1939	1940	2012	1	2	3	1	33	1	1	2	1	66	0.181359	398.1416	5697.737	1	31.83099	19918.95	7086.196	17.9702	827.6057	26	0.63404	19.78205	0.08312583	2	37.91899	-79.84276	994.1304	0.03211271	0.02124307	119858.1	119858.1	0.1393449	283.7215	87.86167	283.1775	1054.34	56.97737	132.0211	
2005	3	2	3	2	3	25.68998	3	1	1809	1815	2012	1	2	2	6	2	1	1	1	1	196	2.675104	25.68998	84043.49	1	31.83099	16602.85	11759.49	32.8322	859.4367	27	0.5284853	35.50406	0.4237581	3	38.57435	-79.15297	834.3569	0.09192425	-0.1018449	103197	103197	0.1393449	283.5881	78.02417	282.27	936.29	840.4349	195.3773	
2005	3	2	3	2	4	43.17687	4	2	1969	1970	2012	1	1	5	1	6	1	1	2	1	36	0.1471731	43.17687	4623.722	1	31.83099	16602.85	11759.49	32.8322	859.4367	27	0.5284853	35.50406	0.02331341	3	38.57435	-79.15297	834.3569	0.09192425	-0.1018449	103197	103197	0.1393449	283.5881	78.02417	282.27	936.29	46.23722	36.41043	
2005	4	3	1	2	5	58.32618	5	2	1954	1955	2012	1	2	1	1	22	1	1	3	1	51	0.1707019	58.32618	5362.923	1	31.83099	13644.67	9087.106	21.84438	1018.592	32	0.4343233	27.18434	0.0604467	4	37.71701	-80.1116	885.8552	0.0074163	0.2365007	99339.93	99339.93	0.1393449	282.3022	79.93667	283.8875	959.24	53.62923	94.43639	
2006	1	1	1	4	1	218.7696	1	2	1982	1983	2012	1	2	4	1	10	1	1	2	1	24	0.08349308	218.7696	2623.094	1	31.83099	17915.4	10513.67	21.78348	732.1127	23	0.570265	28.61236	0.02774835	1	37.91874	-79.84931	1146.939	0.01342732	0.1730398	127071	127071	0.4871239	283.0976	101.5675	283.7583	1218.81	26.23094	118.3042	
2006	2	1	2	1	2	309.0412	2	1	1939	1940	2012	1	2	3	1	33	1	1	2	1	67	0.1911957	309.0412	6006.778	1	31.83099	20537.94	7296.379	18.57761	827.6057	26	0.653743	20.43579	0.08464245	2	37.91899	-79.84276	994.1304	0.03211271	0.02124307	119858.1	119858.1	0.4871239	284.1205	101.5675	283.7583	1218.81	60.06778	148.9524	
2006	3	2	3	2	3	71.95284	3	1	1809	1815	2012	1	2	2	6	2	1	1	1	1	197	2.677395	71.95284	84115.44	1	31.83099	18295.77	11966.56	33.36811	859.4367	27	0.5823725	36.08644	0.4171909	3	38.57435	-79.15297	834.3569	0.09192425	-0.1018449	103197	103197	0.4871239	283.9877	94.4125	282.7404	1132.95	841.1544	226.7981	
2006	3	2	3	2	4	62.01504	4	2	1969	1970	2012	1	1	5	1	6	1	1	2	1	37	0.149147	62.01504	4685.737	1	31.83099	18295.77	11966.56	33.36811	859.4367	27	0.5823725	36.08644	0.02324005	3	38.57435	-79.15297	834.3569	0.09192425	-0.1018449	103197	103197	0.4871239	283.9877	94.4125	282.7404	1132.95	46.85737	41.72343	
2006	4	3	1	2	5	37.275	5	2	1954	1955	2012	1	2	1	1	22	1	1	3	1	52	0.1718883	37.275	5400.198	1	31.83099	13256.35	9248.812	22.19482	1018.592	32	0.4219629	27.60631	0.06003279	4	37.71701	-80.1116	885.8552	0.0074163	0.2365007	99339.93	99339.93	0.4871239	282.7025	91.2	284.1358	1094.4	54.00198	111.8083	
2007	1	1	1	4	1	211.95	1	2	1982	1983	2012	1	2	4	1	10	1	1	2	1	25	0.09023944	211.95	2835.044	1	31.83099	19911.59	10707.97	22.29928	732.1127	23	0.6338057	29.24616	0.02902168	1	37.91874	-79.84931	1146.939	0.01342732	0.1730398	127071	127071	0.4401975	282.9973	93.84583	283.7379	1126.15	28.35044	114.3119	
2007	2	1	2	1	2	188.0348	2	1	1939	1940	2012	1	2	3	1	33	1	1	2	1	68	0.1971809	188.0348	6194.813	1	31.83099	19689.18	7497.878	19.15738	827.6057	26	0.6267261	21.06252	0.08451305	2	37.91899	-79.84276	994.1304	0.03211271	0.02124307	119858.1	119858.1	0.4401975	284.0419	93.84583	283.7379	1126.15	61.94813	144.2653	
2007	3	2	3	2	3	416.9029	3	1	1809	1815	2012	1	2	2	6	2	1	1	1	1	198	2.690665	416.9029	84532.35	1	31.83099	16420.42	12154.49	33.84308	859.4367	27	0.5226781	36.60911	0.4139596	3	38.57435	-79.15297	834.3569	0.09192425	-0.1018449	103197	103197	0.4401975	283.9184	84.86583	282.8125	1018.39	845.3235	200.5505	
2007	3	2	3	2	4	58.6522	4	2	1969	1970	2012	1	1	5	1	6	1	1	2	1	38	0.1510139	58.6522	4744.39	1	31.83099	16420.42	12154.49	33.84308	859.4367	27	0.5226781	36.60911	0.02323354	3	38.57435	-79.15297	834.3569	0.09192425	-0.1018449	103197	103197	0.4401975	283.9184	84.86583	282.8125	1018.39	47.4439	36.06502	
2007	4	3	1	2	5	44.08935	5	2	1954	1955	2012	1	2	1	1	22	1	1	3	1	53	0.1732917	44.08935	5444.288	1	31.83099	14804.17	9425.474	22.59286	1018.592	32	0.4712314	28.07754	0.05947059	4	37.71701	-80.1116	885.8552	0.0074163	0.2365007	99339.93	99339.93	0.4401975	282.6349	76.13667	284.3446	913.64	54.44288	94.07969	
2008	1	1	1	4	1	136.2399	1	2	1982	1983	2012	1	2	4	1	10	1	1	2	1	26	0.09457596	136.2399	2971.284	1	31.83099	17578.9	10878.62	22.73978	732.1127	23	0.5595537	29.80572	0.02952094	1	37.91874	-79.84931	1146.939	0.01342732	0.1730398	127071	127071	-0.2126073	282.3845	84.37333	282.8988	1012.48	29.71284	96.99387	
2008	2	1	2	1	2	221.1958	2	1	1939	1940	2012	1	2	3	1	33	1	1	2	1	69	0.2042215	221.1958	6416.008	1	31.83099	18605.15	7688.341	19.70202	827.6057	26	0.5922204	21.65474	0.08473893	2	37.91899	-79.84276	994.1304	0.03211271	0.02124307	119858.1	119858.1	-0.2126073	283.4015	84.37333	282.8988	1012.48	64.16008	122.2867	
2008	3	2	3	2	3	257.8619	3	1	1809	1815	2012	1	2	2	6	2	1	1	1	1	199	2.698872	257.8619	84790.21	1	31.83099	13313.29	12310.95	34.21791	859.4367	27	0.4237753	37.03289	0.4109556	3	38.57435	-79.15297	834.3569	0.09192425	-0.1018449	103197	103197	-0.2126073	283.2486	83.055	282.3067	996.66	847.9021	171.6469	
2008	3	2	3	2	4	17.53794	4	2	1969	1970	2012	1	1	5	1	6	1	1	2	1	39	0.1515722	17.53794	4761.928	1	31.83099	13313.29	12310.95	34.21791	859.4367	27	0.4237753	37.03289	0.0230798	3	38.57435	-79.15297	834.3569	0.09192425	-0.1018449	103197	103197	-0.2126073	283.2486	83.055	282.3067	996.66	47.61928	30.36332	
2008	4	3	1	2	5	20.09716	5	2	1954	1955	2012	1	2	1	1	22	1	1	3	1	54	0.1739314	20.09716	5464.385	1	31.83099	12001.94	9573.593	22.90005	1018.592	32	0.3820335	28.45957	0.05913763	4	37.71701	-80.1116	885.8552	0.0074163	0.2365007	99339.93	99339.93	-0.2126073	281.9431	76.79583	283.5417	921.55	54.64385	85.40099	
2009	1	1	1	4	1	96.53989	1	2	1982	1983	2012	1	2	4	1	10	1	1	2	1	27	0.09764882	96.53989	3067.824	1	31.83099	15106.64	11024.22	23.10055	732.1127	23	0.4808594	30.28658	0.02987694	1	37.91874	-79.84931	1146.939	0.01342732	0.1730398	127071	127071	-0.3250022	282.2953	113.0683	282.7754	1356.82	30.67824	101.5386	
2009	2	1	2	1	2	177.8776	2	1	1939	1940	2012	1	2	3	1	33	1	1	2	1	70	0.2098834	177.8776	6593.886	1	31.83099	16996.76	7862.526	20.19485	827.6057	26	0.5410238	22.19576	0.08488563	2	37.91899	-79.84276	994.1304	0.03211271	0.02124307	119858.1	119858.1	-0.3250022	283.2941	113.0683	282.7754	1356.82	65.93886	127.6874	
2009	3	2	3	2	3	289.2716	3	1	1809	1815	2012	1	2	2	6	2	1	1	1	1	200	2.70808	289.2716	85079.48	1	31.83099	14731.45	12481.21	34.63663	859.4367	27	0.4689168	37.50181	0.4071578	3	38.57435	-79.15297	834.3569	0.09192425	-0.1018449	103197	103197	-0.3250022	283.1166	90.71833	281.7625	1088.62	850.7948	172.153	
2009	3	2	3	2	4	10.0355	4	2	1969	1970	2012	1	1	5	1	6	1	1	2	1	40	0.1518916	10.0355	4771.963	1	31.83099	14731.45	12481.21	34.63663	859.4367	27	0.4689168	37.50181	0.02283679	3	38.57435	-79.15297	834.3569	0.09192425	-0.1018449	103197	103197	-0.3250022	283.1166	90.71833	281.7625	1088.62	47.71963	29.98336	
2009	4	3	1	2	5	59.15556	5	2	1954	1955	2012	1	2	1	1	22	1	1	3	1	55	0.1758143	59.15556	5523.541	1	31.83099	9890.543	9700.077	23.13838	1018.592	32	0.3148258	28.7744	0.05936928	4	37.71701	-80.1116	885.8552	0.0074163	0.2365007	99339.93	99339.93	-0.3250022	281.8068	108.55	283.5188	1302.6	55.23541	99.74083	
2010	1	1	1	4	1	136.1401	1	2	1982	1983	2012	1	2	4	1	10	1	1	2	1	28	0.1019822	136.1401	3203.964	1	31.83099	13761.57	11156.05	23.41748	732.1127	23	0.4380443	30.72462	0.03066413	1	37.91874	-79.84931	1146.939	0.01342732	0.1730398	127071	127071	-0.03439172	282.4985	81.76333	282.9446	981.16	32.03964	95.98572	
2010	2	1	2	1	2	169.8121	2	1	1939	1940	2012	1	2	3	1	33	1	1	2	1	71	0.2152885	169.8121	6763.698	1	31.83099	14000.34	8006.55	20.59168	827.6057	26	0.4456446	22.64141	0.08472041	2	37.91899	-79.84276	994.1304	0.03211271	0.02124307	119858.1	119858.1	-0.03439172	283.5257	81.76333	282.9446	981.16	67.63698	121.0027	
2010	3	2	3	2	3	585.2086	3	1	1809	1815	2012	1	2	2	6	2	1	1	1	1	201	2.726707	585.2086	85664.69	1	31.83099	14681.68	12650.58	35.05252	859.4367	27	0.4673325	37.96914	0.4048058	3	38.57435	-79.15297	834.3569	0.09192425	-0.1018449	103197	103197	-0.03439172	283.3569	72.40667	282.1875	868.88	856.6469	137.9999	
2010	3	2	3	2	4	5.021522	4	2	1969	1970	2012	1	1	5	1	6	1	1	2	1	41	0.1520514	5.021522	4776.985	1	31.83099	14681.68	12650.58	35.05252	859.4367	27	0.4673325	37.96914	0.02257349	3	38.57435	-79.15297	834.3569	0.09192425	-0.1018449	103197	103197	-0.03439172	283.3569	72.40667	282.1875	868.88	47.76985	23.50937	
2010	4	3	1	2	5	101.5343	5	2	1954	1955	2012	1	2	1	1	22	1	1	3	1	56	0.1790461	101.5343	5625.075	1	31.83099	11000.87	9837.143	23.41038	1018.592	32	0.3501686	29.12457	0.05994391	4	37.71701	-80.1116	885.8552	0.0074163	0.2365007	99339.93	99339.93	-0.03439172	282.1136	78.93917	283.6133	947.27	56.25075	90.47291	
2011	1	1	1	4	1	122.0596	1	2	1982	1983	2012	1	2	4	1	10	1	1	2	1	29	0.1058673	122.0596	3326.023	1	31.83099	14559.22	11295.52	23.75875	732.1127	23	0.4634345	31.18806	0.03135789	1	37.91874	-79.84931	1146.939	0.01342732	0.1730398	127071	127071	0.590676	283.1589	93.4925	283.6442	1121.91	33.26023	117.1531	
2011	2	1	2	1	2	62.53623	2	1	1939	1940	2012	1	2	3	1	33	1	1	2	1	72	0.217279	62.53623	6826.234	1	31.83099	13827.15	8148.647	20.98237	827.6057	26	0.4401318	23.08154	0.08303431	2	37.91899	-79.84276	994.1304	0.03211271	0.02124307	119858.1	119858.1	0.590676	284.1974	93.4925	283.6442	1121.91	68.26234	146.883	
2011	3	2	3	2	3	166.0872	3	1	1809	1815	2012	1	2	2	6	2	1	1	1	1	202	2.731994	166.0872	85830.77	1	31.83099	13051.19	12803.25	35.41527	859.4367	27	0.4154322	38.38457	0.4009718	3	38.57435	-79.15297	834.3569	0.09192425	-0.1018449	103197	103197	0.590676	284.0653	98.33333	282.9029	1180	858.3077	188.4916	
2011	3	2	3	2	4	7.536995	4	2	1969	1970	2012	1	1	5	1	6	1	1	2	1	42	0.1522913	7.536995	4784.522	1	31.83099	13051.19	12803.25	35.41527	859.4367	27	0.4154322	38.38457	0.02235164	3	38.57435	-79.15297	834.3569	0.09192425	-0.1018449	103197	103197	0.590676	284.0653	98.33333	282.9029	1180	47.84522	31.77596	
2011	4	3	1	2	5	59.97803	5	2	1954	1955	2012	1	2	1	1	22	1	1	3	1	57	0.1809552	59.97803	5685.053	1	31.83099	12012.96	9983.808	23.71294	1018.592	32	0.3823843	29.50695	0.05989719	4	37.71701	-80.1116	885.8552	0.0074163	0.2365007	99339.93	99339.93	0.590676	282.8182	94.7875	284.4925	1137.45	56.85053	115.966	

Likelihood History
Iteration	Temperature	Likelihood
0	3	-673.8213	
0.8125	3	-673.7884	
0.875	3	-673.7842	
1000	3	-673.7842	
2000	2.85	-673.7842	
3000	2.85	-673.7842	
4000	2.7075	-673.7842	
5000	2.7075	-673.7842	
6000	2.572125	-673.7842	
7000	2.572125	-673.7842	
8000	2.443519	-673.7842	
9000	2.443519	-673.7842	
10000	2.321343	-673.7842	
11000	2.321343	-673.7842	
12000	2.205276	-673.7842	
13000	2.205276	-673.7842	
14000	2.095012	-673.7842	
15000	2.095012	-673.7842	
16000	1.990261	-673.7842	
17000	1.990261	-673.7842	
18000	1.890748	-673.7842	
19000	1.890748	-673.7842	
20000	1.796211	-673.7842	
21000	1.796211	-673.7842	
22000	1.7064	-673.7842	
23000	1.7064	-673.7842	
24000	1.62108	-673.7842	
25000	1.62108	-673.7842	
26000	1.540026	-673.7842	
27000	1.540026	-673.7842	
28000	1.463025	-673.7842	
29000	1.463025	-673.7842	
30000	1.389874	-673.7842	
31000	1.389874	-673.7842	
32000	1.32038	-673.7842	
33000	1.32038	-673.7842	
34000	1.254361	-673.7842	
35000	1.254361	-673.7842	
36000	1.191643	-673.7842	
37000	1.191643	-673.7842	
38000	1.132061	-673.7842	
39000	1.132061	-673.7842	
40000	1.075458	-673.7842	
41000	1.075458	-673.7842	
42000	1.021685	-673.7842	
43000	1.021685	-673.7842	
44000	0.9706006	-673.7842	
45000	0.9706006	-673.7842	
46000	0.9220706	-673.7842	
47000	0.9220706	-673.7842	
48000	0.8759671	-673.7842	
49000	0.8759671	-673.7842	
50000	0.8321687	-673.7842	
50740.88	0.8321687	-673.2887	
50742.12	0.8321687	-673.0599	
50744.94	0.8321687	-672.9973	
50745.44	0.8321687	-672.897	
51000	0.8321687	-672.897	
52000	0.7905603	-672.897	
53000	0.7905603	-672.897	
54000	0.7510323	-672.897	
55000	0.7510323	-672.897	
56000	0.7134807	-672.897	
57000	0.7134807	-672.897	
58000	0.6778066	-672.897	
59000	0.6778066	-672.897	
60000	0.6439163	-672.897	
61000	0.6439163	-672.897	
62000	0.6117205	-672.897	
63000	0.6117205	-672.897	
64000	0.5811345	-672.897	
65000	0.5811345	-672.897	
66000	0.5520777	-672.897	
67000	0.5520777	-672.897	
68000	0.5244738	-672.897	
69000	0.5244738	-672.897	
70000	0.4982502	-672.897	
71000	0.4982502	-672.897	
72000	0.4733376	-672.897	
73000	0.4733376	-672.897	
74000	0.4496708	-672.897	
75000	0.4496708	-672.897	
76000	0.4271872	-672.897	
77000	0.4271872	-672.897	
78000	0.4058279	-672.897	
79000	0.4058279	-672.897	
80000	0.3855365	-672.897	
81000	0.3855365	-672.897	
82000	0.3662596	-672.897	
82850.38	0.3662596	-672.8084	
82850.75	0.3662596	-672.8043	
82877.56	0.3662596	-672.682	
83000	0.3662596	-672.682	
83803.88	0.3662596	-672.5825	
83804	0.3662596	-672.5277	
83804.06	0.3662596	-672.5276	
83810.06	0.3662596	-672.5162	
84000	0.3479467	-672.5162	
84041	0.3479467	-672.4871	
84041.06	0.3479467	-672.4813	
84055.38	0.3479467	-672.3218	
85000	0.3479467	-672.3218	
86000	0.3305493	-672.3218	
87000	0.3305493	-672.3218	
87319.56	0.3305493	-672.2738	
88000	0.3140219	-672.2738	
88170	0.3140219	-672.2703	
88170.06	0.3140219	-672.1228	
88171.38	0.3140219	-672.0768	
88171.44	0.3140219	-672.0721	
88171.5	0.3140219	-671.9929	
88171.69	0.3140219	-671.9662	
88171.75	0.3140219	-671.8925	
88172.06	0.3140219	-671.8867	
88177.81	0.3140219	-671.8754	
88178.06	0.3140219	-671.8581	
88178.31	0.3140219	-671.8581	
88392.12	0.3140219	-671.8191	
88392.44	0.3140219	-671.7898	
88392.5	0.3140219	-671.7455	
88392.69	0.3140219	-671.6925	
88401.75	0.3140219	-671.6568	
88402	0.3140219	-671.6563	
88402.44	0.3140219	-671.6033	
88494.81	0.3140219	-671.5506	
88516.12	0.3140219	-671.5167	
88516.31	0.3140219	-671.5167	
88516.5	0.3140219	-671.5093	
88560	0.3140219	-671.429	
88560.5	0.3140219	-671.4289	
88560.81	0.3140219	-671.3973	
88562.38	0.3140219	-671.2015	
88562.69	0.3140219	-671.1199	
88563.06	0.3140219	-671.1037	
88567.44	0.3140219	-671.0983	
89000	0.3140219	-671.0983	
89689.38	0.3140219	-670.9705	
89708.31	0.3140219	-670.9439	
89711.44	0.3140219	-670.7777	
89711.69	0.3140219	-670.7536	
89711.81	0.3140219	-670.741	
89712.44	0.3140219	-670.7395	
89712.75	0.3140219	-670.7316	
89713.06	0.3140219	-670.7295	
89713.12	0.3140219	-670.7292	
89714.5	0.3140219	-670.7016	
89717.5	0.3140219	-670.6954	
89717.88	0.3140219	-670.6095	
89718	0.3140219	-670.5746	
89720.12	0.3140219	-670.5155	
90000	0.2983208	-670.5155	
91000	0.2983208	-670.5155	
92000	0.2834047	-670.5155	
93000	0.2834047	-670.5155	
94000	0.2692345	-670.5155	
95000	0.2692345	-670.5155	
96000	0.2557728	-670.5155	
97000	0.2557728	-670.5155	
98000	0.2429841	-670.5155	
99000	0.2429841	-670.5155	
1e+05	0.2308349	-670.5155	
