Note: [none]
Total # of Iterations:	1e+05	
Sample size:	242	
Maximum likelihood:	# Parameters:	AIC corr:	AIC:	Slope:	R2:
-1403.492	16	2841.402	2838.984	0.9952477	0.8570568	
Model:	overall.model
PDF:	dnorm
Support interval range:	1.92

Varying parameters:
Label	MLE	Lower S.I.	Upper S.I.	Std Err	Lower Bound	Upper Bound	Final step size
aa	1	1	1	N/A	0	1	0.01463192	
ab	0.00244756	0.002325182	0.002520987	N/A	0	1000	1.68576e-05	
gmax	3966.628	3807.963	4087.295	N/A	0	10000	10000	
ca	1597.152	1533.266	1692.981	N/A	0	2000	0.7207368	
cb	8.955045	8.955045	8.955045	N/A	0	1000	500	
cc	0.07731016	0.07499086	0.08026378	N/A	0	5	0.0370684	
cd	1.100557	0.9464786	1.26754	N/A	0	5	0.0001077753	
ce	469.8355	418.1536	522.8519	N/A	0	1000	44.02487	
cf	20.17612	19.93576	20.37788	N/A	-100	2000	0.2561775	
cg	-92.14295	-324.5536	-52.66981	N/A	-1000	1000	1.000225	
ta1	283.813	283.813	283.813	N/A	250	325	0.1413183	
tb1	2.752842	2.560143	2.97927	N/A	0	500	0.1242112	
pa1	4979.966	4101.572	5000	N/A	100	5000	102.1766	
pb1	9997.026	8097.591	10000	N/A	0	10000	627.5115	
pc1	0.406993	0	1	N/A	0	1	1	
sd	79.31655	73.77039	87.47518	N/A	0.1	1000	5.070991	

Non-varying parameters:
Label	Value
SIZE	BA.tree.cm2	
BA.PLOT	BA.m2ha.plot.live	
RS	RelBA	
TEMP	Tavg	
PRECIP	Precip.PRISM.sum	
FLOW	flow	
x	BAI	
mean	predicted	
log	TRUE	


Annealing regime:
Initial temp	Rt	ns	nt
3	0.95	20	100

Variance - Covariance Matrix:
[could not be calculated - Hessian matrix is singular]

Source data
Year	PlotID	Site	Trans	Plot	TreeID	BAI	CoreID	Pith	Pith.Yr	Inner	Outer	Bark	Use	Notes	Pith.offset	Tree	Spp	Genus	Canopy	Live	Age	BA.m2ha	BAI.filled	BA.tree	Stems	Density.Ha	BAI.filled.plot	BA.plot	BA.m2ha.plot	Density.ha.plot	Stems.plot	BAI.m2ha.plot	BA.m2ha.plot.live	RelBA	Site.Trans	Latitude	Longitude	elev	flow	TPI	sol	sol.lag	Anomaly	Tavg	Precip.PRISM	Tavg.PRISM	Precip.PRISM.sum	BA.tree.cm2	predicted	
1990	1	1	2	1	1	51.68132	1	2	1940	1941	2012	2	1	8	1	37	1	1	3	1	50	0.06916703	51.68132	2173.014	1	31.83099	9110.495	5306.921	13.23081	827.6057	26	0.2899961	14.42244	0.04066197	1	37.91899	-79.84276	994.1304	0.03211271	0.02124307	119858.1	119858.1	1.121213	284.7719	106.185	284.2363	1274.22	21.73014	95.25628	
1990	2	1	3	2	2	210.5685	2	2	1941	1943	2012	2	2	4	2	32	1	1	3	1	49	0.06406168	210.5685	2012.62	1	31.83099	11688.37	5222.151	13.60792	954.9297	30	0.3720524	14.99439	0.03894882	2	37.91423	-79.8396	866.7018	0.03820643	-0.1361153	118509.7	118509.7	1.121213	285.051	106.185	284.2363	1274.22	20.1262	83.63467	
1990	3	1	3	3	3	98.72047	3	2	1934	1935	2012	2	1	10	1	3	1	1	2	1	56	0.09436569	98.72047	2964.678	1	31.83099	3707.407	2993.495	2.886845	859.4367	27	0.1180104	4.816028	0.1440076	2	37.91517	-79.83977	880.1485	0.03880484	-0.11358	119166.5	119166.5	1.121213	285.1831	106.185	284.2363	1274.22	29.64678	167.735	
1990	4	2	1	3	4	887.7239	4	1	1927	1929	2012	2	2	5	2	21	1	1	1	1	63	0.3137938	887.7239	16664.57	1	18.8349	28409.32	10263.16	15.27488	640.3868	34	0.5350869	16.49527	0.0885811	3	38.31877	-79.2409	952.3546	0.006178378	0.287183	106064	106064	1.121213	283.4336	91.94583	284.5813	1103.35	166.6457	806.4022	
1990	4	2	1	3	5	96.99196	5	1	1938	1942	2012	2	1	6	4	23	1	1	2	1	52	0.1105156	96.99196	5869.124	1	18.8349	28409.32	10263.16	15.27488	640.3868	34	0.5350869	16.49527	0.03119753	3	38.31877	-79.2409	952.3546	0.006178378	0.287183	106064	106064	1.121213	283.4336	91.94583	284.5813	1103.35	58.69124	233.3178	
1990	5	2	2	2	6	60.87535	6	2	1929	1930	2012	2	1	7	1	28	1	1	3	1	61	0.03479751	60.87535	1574.548	1	22.10485	25344.11	9055.98	16.78317	663.1456	30	0.5602279	15.6628	0.01076947	4	38.31543	-79.22434	837.3021	0.01256754	0.06980967	105240.2	105240.2	1.121213	283.2254	90.63083	284.7979	1087.57	15.74548	38.31435	
1990	6	2	2	3	7	12.6735	7	2	1918	1919	2012	2	1	6	1	48	1	1	3	1	72	0.07405751	12.6735	2326.658	1	31.83099	4586.648	2339.533	7.446733	541.1268	17	0.1459975	8.299138	0.03808812	4	38.31529	-79.22547	843.7128	0.01308778	0.1314863	105698.6	105698.6	1.121213	283.2393	90.63083	284.7979	1087.57	23.26658	102.6711	
1990	7	2	3	3	8	28.76513	8	1	1933	1935	2011	2	2	2	2	1	1	1	3	1	57	0.07466827	28.76513	1501.171	1	49.73592	4887.47	3848.481	8.414283	1094.19	22	0.2430828	11.32356	0.01237207	5	38.32188	-79.22275	717.661	1.240813	-0.1189929	95529.51	95529.51	1.121213	282.8073	90.63083	284.7979	1087.57	15.01171	38.78246	
1990	8	3	2	3	9	136.218	9	2	1911	1912	2012	2	2	1	1	33	1	1	2	1	79	0.1939902	136.218	6094.57	1	31.83099	8045.044	6608.781	10.50652	859.4367	27	0.2560817	15.0594	0.1027481	6	36.7567	-81.30802	1151.468	0.0226561	-0.01868551	94878.68	94878.68	1.121213	280.4194	121.6092	283.7846	1459.31	60.9457	165.2196	
1990	9	4	1	2	10	348.6657	10	2	1953	1954	2012	1	2	3	1	36	1	1	2	1	37	0.2192376	348.6657	6887.765	1	31.83099	12535.55	6740.045	16.71165	954.9297	30	0.399019	21.17347	0.09933183	7	37.71701	-80.1116	885.8552	0.0074163	0.2365007	99339.93	99339.93	1.121213	283.3725	95.4	285.0387	1144.8	68.87765	232.8859	
1990	10	4	3	1	11	64.07742	11	1	1946	1948	2012	2	1	9	2	1	1	1	3	1	44	0.08616441	64.07742	2707.019	1	31.83099	12016.96	7024.602	16.57216	891.2677	28	0.3825116	22.70774	0.02413484	8	37.72533	-80.1077	666.932	0.3427531	-0.2145659	96596.13	96596.13	1.121213	283.6549	95.4	285.0387	1144.8	27.07019	34.19612	
1991	1	1	2	1	1	89.74062	1	2	1940	1941	2012	2	1	8	1	37	1	1	3	1	51	0.07202347	89.74062	2262.754	1	31.83099	9204.968	5406.706	13.48683	827.6057	26	0.2930032	14.71545	0.04141148	1	37.91899	-79.84276	994.1304	0.03211271	0.02124307	119858.1	119858.1	0.9304098	284.5228	94.905	283.835	1138.86	22.62754	101.952	
1991	2	1	3	2	2	216.1655	2	2	1941	1943	2012	2	2	4	2	32	1	1	3	1	50	0.07094223	216.1655	2228.785	1	31.83099	9780.586	5349.099	13.88879	954.9297	30	0.3113257	15.30571	0.04236748	2	37.91423	-79.8396	866.7018	0.03820643	-0.1361153	118509.7	118509.7	0.9304098	284.8109	94.905	283.835	1138.86	22.28785	98.02473	
1991	3	1	3	3	3	72.46437	3	2	1934	1935	2012	2	1	10	1	3	1	1	2	1	57	0.09667223	72.46437	3037.142	1	31.83099	3534.228	3090.343	2.931703	891.2677	28	0.112498	4.928526	0.1472321	2	37.91517	-79.83977	880.1485	0.03880484	-0.11358	119166.5	119166.5	0.9304098	284.9416	94.905	283.835	1138.86	30.37142	178.467	
1991	4	2	1	3	4	901.5664	4	1	1927	1929	2012	2	2	5	2	21	1	1	1	1	64	0.3307703	901.5664	17566.14	1	18.8349	27764.68	10551.33	15.75677	640.3868	34	0.5229451	17.01821	0.09049694	3	38.31877	-79.2409	952.3546	0.006178378	0.287183	106064	106064	0.9304098	283.2232	81.07417	284.4058	972.89	175.6614	830.0314	
1991	4	2	1	3	5	121.6199	5	1	1938	1942	2012	2	1	6	4	23	1	1	2	1	53	0.1128057	121.6199	5990.744	1	18.8349	27764.68	10551.33	15.75677	640.3868	34	0.5229451	17.01821	0.03086302	3	38.31877	-79.2409	952.3546	0.006178378	0.287183	106064	106064	0.9304098	283.2232	81.07417	284.4058	972.89	59.90744	232.4397	
1991	5	2	2	2	6	43.456	6	2	1929	1930	2012	2	1	7	1	28	1	1	3	1	62	0.03575789	43.456	1618.004	1	22.10485	21938	9193.036	17.05755	663.1456	30	0.4849364	16.14774	0.01088356	4	38.31543	-79.22434	837.3021	0.01256754	0.06980967	105240.2	105240.2	0.9304098	283.0285	79.72333	284.63	956.68	16.18004	38.70572	
1991	6	2	2	3	7	10.8875	7	2	1918	1919	2012	2	1	6	1	48	1	1	3	1	73	0.07440406	10.8875	2337.545	1	31.83099	4917.899	2388.712	7.603269	541.1268	17	0.1565416	8.45568	0.03765498	4	38.31529	-79.22547	843.7128	0.01308778	0.1314863	105698.6	105698.6	0.9304098	283.0407	79.72333	284.63	956.68	23.37545	100.3972	
1991	7	2	3	3	8	26.01828	8	1	1933	1935	2011	2	2	2	2	1	1	1	3	1	58	0.07596242	26.01828	1527.19	1	49.73592	5062.369	3928.928	8.557721	1094.19	22	0.2517816	11.57534	0.01244118	5	38.32188	-79.22275	717.661	1.240813	-0.1189929	95529.51	95529.51	0.9304098	282.6244	79.72333	284.63	956.68	15.2719	38.27582	
1991	8	3	2	3	9	126.5684	9	2	1911	1912	2012	2	2	1	1	33	1	1	2	1	80	0.1980188	126.5684	6221.139	1	31.83099	9573.916	6716.381	10.7049	891.2677	28	0.3047472	15.36415	0.1022366	6	36.7567	-81.30802	1151.468	0.0226561	-0.01868551	94878.68	94878.68	0.9304098	280.2392	103.3292	283.3625	1239.95	62.21139	153.6064	
1991	9	4	1	2	10	326.1984	10	2	1953	1954	2012	1	2	3	1	36	1	1	2	1	38	0.2296205	326.1984	7213.963	1	31.83099	13533.49	6904.423	17.09452	986.7606	31	0.4307843	21.60426	0.1020783	7	37.71701	-80.1116	885.8552	0.0074163	0.2365007	99339.93	99339.93	0.9304098	283.1767	87.6725	284.6058	1052.07	72.13963	240.8832	
1991	10	4	3	1	11	79.38271	11	1	1946	1948	2012	2	1	9	2	1	1	1	3	1	45	0.08869116	79.38271	2786.401	1	31.83099	12410.56	7149.696	16.90873	891.2677	28	0.3950403	23.10278	0.02432667	8	37.72533	-80.1077	666.932	0.3427531	-0.2145659	96596.13	96596.13	0.9304098	283.4532	87.6725	284.6058	1052.07	27.86401	35.06306	
1992	1	1	2	1	1	81.31698	1	2	1940	1941	2012	2	1	8	1	37	1	1	3	1	52	0.07461179	81.31698	2344.071	1	31.83099	9495.376	5509.2	13.75146	827.6057	26	0.3022472	15.01769	0.04227684	1	37.91899	-79.84276	994.1304	0.03211271	0.02124307	119858.1	119858.1	-0.4797465	283.1208	99.13417	282.5875	1189.61	23.44071	106.6411	
1992	2	1	3	2	2	150.089	2	2	1941	1943	2012	2	2	4	2	32	1	1	3	1	51	0.07571956	150.089	2378.874	1	31.83099	9630.763	5478.647	14.16364	986.7606	31	0.3065567	15.61227	0.04435053	2	37.91423	-79.8396	866.7018	0.03820643	-0.1361153	118509.7	118509.7	-0.4797465	283.4045	99.13417	282.5875	1189.61	23.78874	112.2338	
1992	3	1	3	3	3	106.532	3	2	1934	1935	2012	2	1	10	1	3	1	1	2	1	58	0.1000631	106.532	3143.674	1	31.83099	3651.549	3188.567	2.977405	891.2677	28	0.1162324	5.044758	0.1522135	2	37.91517	-79.83977	880.1485	0.03880484	-0.11358	119166.5	119166.5	-0.4797465	283.5518	99.13417	282.5875	1189.61	31.43674	201.372	
1992	4	2	1	3	4	816.8345	4	1	1927	1929	2012	2	2	5	2	21	1	1	1	1	65	0.3461513	816.8345	18382.97	1	18.8349	26564.61	10827.18	16.21546	640.3868	34	0.500342	17.51855	0.09236396	3	38.31877	-79.2409	952.3546	0.006178378	0.287183	106064	106064	-0.4797465	281.6655	83.17667	282.935	998.12	183.8297	653.344	
1992	4	2	1	3	5	45.03285	5	1	1938	1942	2012	2	1	6	4	23	1	1	2	1	54	0.1136537	45.03285	6035.777	1	18.8349	26564.61	10827.18	16.21546	640.3868	34	0.500342	17.51855	0.03032634	3	38.31877	-79.2409	952.3546	0.006178378	0.287183	106064	106064	-0.4797465	281.6655	83.17667	282.935	998.12	60.35777	175.6231	
1992	5	2	2	2	6	29.2542	6	2	1929	1930	2012	2	1	7	1	28	1	1	3	1	63	0.0364044	29.2542	1647.258	1	22.10485	22230.25	9307.477	17.28195	663.1456	30	0.4913965	16.63914	0.01097682	4	38.31543	-79.22434	837.3021	0.01256754	0.06980967	105240.2	105240.2	-0.4797465	281.4782	82.1775	283.1504	986.13	16.47258	28.81547	
1992	6	2	2	3	7	11.82032	7	2	1918	1919	2012	2	1	6	1	48	1	1	3	1	74	0.0747803	11.82032	2349.365	1	31.83099	4078.08	2429.492	7.733075	541.1268	17	0.1298093	8.585489	0.03747951	4	38.31529	-79.22547	843.7128	0.01308778	0.1314863	105698.6	105698.6	-0.4797465	281.4894	82.1775	283.1504	986.13	23.49365	73.45571	
1992	7	2	3	3	8	35.99511	8	1	1933	1935	2011	2	2	2	2	1	1	1	3	1	59	0.07775281	35.99511	1563.185	1	49.73592	4868.329	4006.914	8.688915	1094.19	22	0.2421308	11.81747	0.01261573	5	38.32188	-79.22275	717.661	1.240813	-0.1189929	95529.51	95529.51	-0.4797465	281.1638	82.1775	283.1504	986.13	15.63185	27.31606	
1992	8	3	2	3	9	98.24546	9	2	1911	1912	2012	2	2	1	1	33	1	1	2	1	81	0.201146	98.24546	6319.384	1	31.83099	9152.866	6825.649	10.88843	891.2677	28	0.2913448	15.65549	0.1022823	6	36.7567	-81.30802	1151.468	0.0226561	-0.01868551	94878.68	94878.68	-0.4797465	278.6589	125.2808	281.9021	1503.37	63.19384	63.33911	
1992	9	4	1	2	10	345.983	10	2	1953	1954	2012	1	2	3	1	36	1	1	2	1	39	0.2406331	345.983	7559.947	1	31.83099	12751.22	7061.601	17.45108	986.7606	31	0.405884	22.01014	0.105078	7	37.71701	-80.1116	885.8552	0.0074163	0.2365007	99339.93	99339.93	-0.4797465	281.6544	88.04417	283.4813	1056.53	75.59947	192.5532	
1992	10	4	3	1	11	70.57274	11	1	1946	1948	2012	2	1	9	2	1	1	1	3	1	46	0.09093749	70.57274	2856.974	1	31.83099	13479.22	7285.281	17.27869	891.2677	28	0.429057	23.53184	0.02446358	8	37.72533	-80.1077	666.932	0.3427531	-0.2145659	96596.13	96596.13	-0.4797465	282.0152	88.04417	283.4813	1056.53	28.56974	29.44156	
1993	1	1	2	1	1	131.8205	1	2	1940	1941	2012	2	1	8	1	37	1	1	3	1	53	0.07880764	131.8205	2475.892	1	31.83099	10302.73	5619.572	14.04117	827.6057	26	0.3279462	15.34564	0.04397641	1	37.91899	-79.84276	994.1304	0.03211271	0.02124307	119858.1	119858.1	-0.1483372	283.4034	105.35	282.9688	1264.2	24.75892	116.655	
1993	2	1	3	2	2	148.7607	2	2	1941	1943	2012	2	2	4	2	32	1	1	3	1	52	0.08045461	148.7607	2527.635	1	31.83099	9651.786	5609.931	14.43778	986.7606	31	0.3072259	15.9195	0.04639292	2	37.91423	-79.8396	866.7018	0.03820643	-0.1361153	118509.7	118509.7	-0.1483372	283.6962	105.35	282.9688	1264.2	25.27635	122.386	
1993	3	1	3	3	3	72.29818	3	2	1934	1935	2012	2	1	10	1	3	1	1	2	1	59	0.1023644	72.29818	3215.972	1	31.83099	3640.768	3285.867	3.020165	891.2677	28	0.1158892	5.160648	0.1555479	2	37.91517	-79.83977	880.1485	0.03880484	-0.11358	119166.5	119166.5	-0.1483372	283.8392	105.35	282.9688	1264.2	32.15972	208.1375	
1993	4	2	1	3	4	662.9085	4	1	1927	1929	2012	2	2	5	2	21	1	1	1	1	66	0.3586339	662.9085	19045.88	1	18.8349	27701.31	11114.07	16.69493	640.3868	34	0.5217515	18.0403	0.09294203	3	38.31877	-79.2409	952.3546	0.006178378	0.287183	106064	106064	-0.1483372	282.0133	86.07083	283.0692	1032.85	190.4588	737.6281	
1993	4	2	1	3	5	111.8636	5	1	1938	1942	2012	2	1	6	4	23	1	1	2	1	55	0.1157601	111.8636	6147.64	1	18.8349	27701.31	11114.07	16.69493	640.3868	34	0.5217515	18.0403	0.02999988	3	38.31877	-79.2409	952.3546	0.006178378	0.287183	106064	106064	-0.1483372	282.0133	86.07083	283.0692	1032.85	61.4764	195.0035	
1993	5	2	2	2	6	24.81104	6	2	1929	1930	2012	2	1	7	1	28	1	1	3	1	64	0.03695273	24.81104	1672.069	1	22.10485	20458.15	9417.908	17.49749	663.1456	30	0.4522243	17.09136	0.01102182	4	38.31543	-79.22434	837.3021	0.01256754	0.06980967	105240.2	105240.2	-0.1483372	281.8355	84.785	283.2879	1017.42	16.72069	32.49121	
1993	6	2	2	3	7	10.02254	7	2	1918	1919	2012	2	1	6	1	48	1	1	3	1	75	0.07509932	10.02254	2359.388	1	31.83099	4003.365	2469.526	7.860502	541.1268	17	0.1274311	8.71292	0.03728296	4	38.31529	-79.22547	843.7128	0.01308778	0.1314863	105698.6	105698.6	-0.1483372	281.8451	84.785	283.2879	1017.42	23.59388	81.52213	
1993	7	2	3	3	8	27.99324	8	1	1933	1935	2011	2	2	2	2	1	1	1	3	1	60	0.0791452	27.99324	1591.178	1	49.73592	4814.464	4083.84	8.814836	1094.19	22	0.2394518	12.05692	0.01273044	5	38.32188	-79.22275	717.661	1.240813	-0.1189929	95529.51	95529.51	-0.1483372	281.5299	84.785	283.2879	1017.42	15.91178	31.52806	
1993	8	3	2	3	9	101.8555	9	2	1911	1912	2012	2	2	1	1	33	1	1	2	1	82	0.2043881	101.8555	6421.24	1	31.83099	9322.242	6936.089	11.07568	891.2677	28	0.2967362	15.95223	0.1024033	6	36.7567	-81.30802	1151.468	0.0226561	-0.01868551	94878.68	94878.68	-0.1483372	279.0492	105.3667	282.1475	1264.4	64.2124	82.29498	
1993	9	4	1	2	10	327.7934	10	2	1953	1954	2012	1	2	3	1	36	1	1	2	1	40	0.2510668	327.7934	7887.74	1	31.83099	12663.06	7217.44	17.80338	986.7606	31	0.4030777	22.41322	0.1073816	7	37.71701	-80.1116	885.8552	0.0074163	0.2365007	99339.93	99339.93	-0.1483372	282.0167	91.95917	283.7754	1103.51	78.8774	222.7417	
1993	10	4	3	1	11	43.52865	11	1	1946	1948	2012	2	1	9	2	1	1	1	3	1	47	0.092323	43.52865	2900.503	1	31.83099	15104.41	7436.923	17.69977	891.2677	28	0.4807884	24.01263	0.02424274	8	37.72533	-80.1077	666.932	0.3427531	-0.2145659	96596.13	96596.13	-0.1483372	282.3626	91.95917	283.7754	1103.51	29.00503	31.95685	
1994	1	1	2	1	1	183.9682	1	2	1940	1941	2012	2	1	8	1	37	1	1	3	1	54	0.08466335	183.9682	2659.86	1	31.83099	11006.87	5736.789	14.35267	827.6057	26	0.3503595	15.696	0.04620677	1	37.91899	-79.84276	994.1304	0.03211271	0.02124307	119858.1	119858.1	-0.1647616	283.4794	114.1417	282.9983	1369.7	26.5986	128.073	
1994	2	1	3	2	2	168.2813	2	2	1941	1943	2012	2	2	4	2	32	1	1	3	1	53	0.08581101	168.2813	2695.916	1	31.83099	10293.18	5747.173	14.73088	986.7606	31	0.3276422	16.24714	0.04861638	2	37.91423	-79.8396	866.7018	0.03820643	-0.1361153	118509.7	118509.7	-0.1647616	283.7552	114.1417	282.9983	1369.7	26.95916	132.8527	
1994	3	1	3	3	3	77.30352	3	2	1934	1935	2012	2	1	10	1	3	1	1	2	1	60	0.104825	77.30352	3293.276	1	31.83099	3873.188	3384.661	3.067684	891.2677	28	0.1232874	5.283935	0.1589263	2	37.91517	-79.83977	880.1485	0.03880484	-0.11358	119166.5	119166.5	-0.1647616	283.9021	114.1417	282.9983	1369.7	32.93276	214.49	
1994	4	2	1	3	4	765.3748	4	1	1927	1929	2012	2	2	5	2	21	1	1	1	1	67	0.3730459	765.3748	19811.25	1	18.8349	26033.47	11383.95	17.14238	640.3868	34	0.4903378	18.53064	0.09378272	3	38.31877	-79.2409	952.3546	0.006178378	0.287183	106064	106064	-0.1647616	282.035	86.60333	283.2208	1039.24	198.1125	766.2344	
1994	4	2	1	3	5	102.8055	5	1	1938	1942	2012	2	1	6	4	23	1	1	2	1	56	0.1176959	102.8055	6250.446	1	18.8349	26033.47	11383.95	17.14238	640.3868	34	0.4903378	18.53064	0.02958843	3	38.31877	-79.2409	952.3546	0.006178378	0.287183	106064	106064	-0.1647616	282.035	86.60333	283.2208	1039.24	62.50446	197.927	
1994	5	2	2	2	6	21.84161	6	2	1929	1930	2012	2	1	7	1	28	1	1	3	1	65	0.03743543	21.84161	1693.911	1	22.10485	24156.01	9546.658	17.75351	663.1456	30	0.533965	17.62532	0.01101157	4	38.31543	-79.22434	837.3021	0.01256754	0.06980967	105240.2	105240.2	-0.1647616	281.8307	85.02333	283.3758	1020.28	16.93911	32.85024	
1994	6	2	2	3	7	7.301061	7	2	1918	1919	2012	2	1	6	1	48	1	1	3	1	76	0.07533171	7.301061	2366.689	1	31.83099	4726.246	2515.483	8.006783	572.9578	18	0.1504411	8.863361	0.03692064	4	38.31529	-79.22547	843.7128	0.01308778	0.1314863	105698.6	105698.6	-0.1647616	281.8429	85.02333	283.3758	1020.28	23.66689	81.4435	
1994	7	2	3	3	8	31.27071	8	1	1933	1935	2011	2	2	2	2	1	1	1	3	1	61	0.0807006	31.27071	1622.449	1	49.73592	5005.865	4162.158	8.947685	1094.19	22	0.2489713	12.3059	0.01285814	5	38.32188	-79.22275	717.661	1.240813	-0.1189929	95529.51	95529.51	-0.1647616	281.4425	85.02333	283.3758	1020.28	16.22449	31.46946	
1994	8	3	2	3	9	104.1015	9	2	1911	1912	2012	2	2	1	1	33	1	1	2	1	83	0.2077016	104.1015	6525.341	1	31.83099	7927.319	7032.058	11.21688	891.2677	28	0.2523344	16.20456	0.1027913	6	36.7567	-81.30802	1151.468	0.0226561	-0.01868551	94878.68	94878.68	-0.1647616	278.993	107.6033	282.2404	1291.24	65.25341	80.75774	
1994	9	4	1	2	10	239.1158	10	2	1953	1954	2012	1	2	3	1	36	1	1	2	1	41	0.2586778	239.1158	8126.856	1	31.83099	11086.52	7357.058	18.10404	986.7606	31	0.352895	22.76612	0.1091057	7	37.71701	-80.1116	885.8552	0.0074163	0.2365007	99339.93	99339.93	-0.1647616	281.9975	89.57833	283.8608	1074.94	81.26856	229.3369	
1994	10	4	3	1	11	41.83376	11	1	1946	1948	2012	2	1	9	2	1	1	1	3	1	48	0.09365457	41.83376	2942.337	1	31.83099	12637.98	7563.705	18.04171	891.2677	28	0.4022795	24.41491	0.02412149	8	37.72533	-80.1077	666.932	0.3427531	-0.2145659	96596.13	96596.13	-0.1647616	282.3029	89.57833	283.8608	1074.94	29.42337	31.82546	
1995	1	1	2	1	1	210.7887	1	2	1940	1941	2012	2	1	8	1	37	1	1	3	1	55	0.09137275	210.7887	2870.649	1	31.83099	10459.88	5848.341	14.64614	827.6057	26	0.3329482	16.02895	0.04856957	1	37.91899	-79.84276	994.1304	0.03211271	0.02124307	119858.1	119858.1	-0.2506454	283.3097	102.4092	282.7788	1228.91	28.70649	138.0722	
1995	2	1	3	2	2	136.3428	2	2	1941	1943	2012	2	2	4	2	32	1	1	3	1	54	0.0901508	136.3428	2832.259	1	31.83099	8910.244	5870.129	14.97851	986.7606	31	0.2836219	16.53076	0.05037572	2	37.91423	-79.8396	866.7018	0.03820643	-0.1361153	118509.7	118509.7	-0.2506454	283.6024	102.4092	282.7788	1228.91	28.32259	139.7984	
1995	3	1	3	3	3	120.23	3	2	1934	1935	2012	2	1	10	1	3	1	1	2	1	61	0.1086519	120.23	3413.506	1	31.83099	4351.24	3487.376	3.127679	891.2677	28	0.1385043	5.422439	0.1639848	2	37.91517	-79.83977	880.1485	0.03880484	-0.11358	119166.5	119166.5	-0.2506454	283.7466	102.4092	282.7788	1228.91	34.13506	222.1064	
1995	4	2	1	3	4	1161.134	4	1	1927	1929	2012	2	2	5	2	21	1	1	1	1	68	0.3949101	1161.134	20972.39	1	18.8349	31773.33	11710.91	17.69731	640.3868	34	0.5984476	19.12909	0.09730422	3	38.31877	-79.2409	952.3546	0.006178378	0.287183	106064	106064	-0.2506454	281.8924	87.99167	283.0883	1055.9	209.7239	777.7113	
1995	4	2	1	3	5	94.9537	5	1	1938	1942	2012	2	1	6	4	23	1	1	2	1	57	0.1194839	94.9537	6345.4	1	18.8349	31773.33	11710.91	17.69731	640.3868	34	0.5984476	19.12909	0.02944034	3	38.31877	-79.2409	952.3546	0.006178378	0.287183	106064	106064	-0.2506454	281.8924	87.99167	283.0883	1055.9	63.454	192.3202	
1995	5	2	2	2	6	17.24766	6	2	1929	1930	2012	2	1	7	1	28	1	1	3	1	66	0.0378166	17.24766	1711.158	1	22.10485	19859.57	9671.354	18.00058	685.2504	31	0.438993	18.06432	0.01100411	4	38.31543	-79.22434	837.3021	0.01256754	0.06980967	105240.2	105240.2	-0.2506454	281.7136	87.9125	283.25	1054.95	17.11158	32.17702	
1995	6	2	2	3	7	13.71659	7	2	1918	1919	2012	2	1	6	1	48	1	1	3	1	77	0.07576831	13.71659	2380.406	1	31.83099	4214.986	2556.33	8.136797	572.9578	18	0.1341672	8.997528	0.03683036	4	38.31529	-79.22547	843.7128	0.01308778	0.1314863	105698.6	105698.6	-0.2506454	281.724	87.9125	283.25	1054.95	23.80406	79.3722	
1995	7	2	3	3	8	30.76248	8	1	1933	1935	2011	2	2	2	2	1	1	1	3	1	62	0.08223073	30.76248	1653.211	1	49.73592	4745.714	4237.354	9.065	1094.19	22	0.2360325	12.54193	0.01301484	5	38.32188	-79.22275	717.661	1.240813	-0.1189929	95529.51	95529.51	-0.2506454	281.3973	87.9125	283.25	1054.95	16.53211	31.8763	
1995	8	3	2	3	9	102.0524	9	2	1911	1912	2012	2	2	1	1	33	1	1	2	1	84	0.2109499	102.0524	6627.394	1	31.83099	9502.674	7143.26	11.40656	891.2677	28	0.3024795	16.50704	0.102975	6	36.7567	-81.30802	1151.468	0.0226561	-0.01868551	94878.68	94878.68	-0.2506454	278.8953	123.8567	282.1346	1486.28	66.27394	77.51235	
1995	9	4	1	2	10	330.7783	10	2	1953	1954	2012	1	2	3	1	36	1	1	2	1	42	0.2692065	330.7783	8457.634	1	31.83099	14606.77	7531.423	18.5153	986.7606	31	0.4649479	23.23106	0.1110019	7	37.71701	-80.1116	885.8552	0.0074163	0.2365007	99339.93	99339.93	-0.2506454	281.8863	93.95167	283.49	1127.42	84.57634	233.7382	
1995	10	4	3	1	11	63.27018	11	1	1946	1948	2012	2	1	9	2	1	1	1	3	1	49	0.09566846	63.27018	3005.607	1	31.83099	13896.14	7702.873	18.42308	891.2677	28	0.4423277	24.85723	0.02412268	8	37.72533	-80.1077	666.932	0.3427531	-0.2145659	96596.13	96596.13	-0.2506454	282.2364	93.95167	283.49	1127.42	30.05607	32.12153	
1996	1	1	2	1	1	168.7393	1	2	1940	1941	2012	2	1	8	1	37	1	1	3	1	56	0.09674372	168.7393	3039.388	1	31.83099	9171.877	5946.818	14.89799	827.6057	26	0.2919499	16.3209	0.05084093	1	37.91899	-79.84276	994.1304	0.03211271	0.02124307	119858.1	119858.1	-0.7817626	282.7904	133.8492	282.0079	1606.19	30.39388	142.3821	
1996	2	1	3	2	2	148.5069	2	2	1941	1943	2012	2	2	4	2	32	1	1	3	1	55	0.09487777	148.5069	2980.766	1	31.83099	9263.834	5996.165	15.23594	986.7606	31	0.294877	16.82564	0.05217878	2	37.91423	-79.8396	866.7018	0.03820643	-0.1361153	118509.7	118509.7	-0.7817626	283.0778	133.8492	282.0079	1606.19	29.80766	145.6584	
1996	3	1	3	3	3	136.512	3	2	1934	1935	2012	2	1	10	1	3	1	1	2	1	62	0.1129971	136.512	3550.018	1	31.83099	3938.221	3584.945	3.171296	891.2677	28	0.1253575	5.547797	0.1703165	2	37.91517	-79.83977	880.1485	0.03880484	-0.11358	119166.5	119166.5	-0.7817626	283.2278	133.8492	282.0079	1606.19	35.50018	230.1003	
1996	4	2	1	3	4	772.4765	4	1	1927	1929	2012	2	2	5	2	21	1	1	1	1	69	0.4094558	772.4765	21744.86	1	18.8349	25710.94	11976.91	18.13746	640.3868	34	0.4842631	19.61335	0.09949985	3	38.31877	-79.2409	952.3546	0.006178378	0.287183	106064	106064	-0.7817626	281.3259	122.1417	282.5367	1465.7	217.4486	671.7103	
1996	4	2	1	3	5	121.8398	5	1	1938	1942	2012	2	1	6	4	23	1	1	2	1	58	0.1217781	121.8398	6467.239	1	18.8349	25710.94	11976.91	18.13746	640.3868	34	0.4842631	19.61335	0.02959271	3	38.31877	-79.2409	952.3546	0.006178378	0.287183	106064	106064	-0.7817626	281.3259	122.1417	282.5367	1465.7	64.67239	159.3816	
1996	5	2	2	2	6	18.11293	6	2	1929	1930	2012	2	1	7	1	28	1	1	3	1	67	0.0382169	18.11293	1729.271	1	22.10485	13536.13	9788.925	18.23189	685.2504	31	0.2992142	18.36353	0.01096288	4	38.31543	-79.22434	837.3021	0.01256754	0.06980967	105240.2	105240.2	-0.7817626	281.149	120.7308	282.7421	1448.77	17.29271	27.55995	
1996	6	2	2	3	7	10.08129	7	2	1918	1919	2012	2	1	6	1	48	1	1	3	1	78	0.0760892	10.08129	2390.487	1	31.83099	3945.517	2595.785	8.262383	572.9578	18	0.1255897	9.123118	0.03658849	4	38.31529	-79.22547	843.7128	0.01308778	0.1314863	105698.6	105698.6	-0.7817626	281.1588	120.7308	282.7421	1448.77	23.90487	67.60938	
1996	7	2	3	3	8	41.1474	8	1	1933	1935	2011	2	2	2	2	1	1	1	3	1	63	0.0842774	41.1474	1694.359	1	49.73592	4856.63	4313.137	9.18524	1094.19	22	0.241549	12.78348	0.01324636	5	38.32188	-79.22275	717.661	1.240813	-0.1189929	95529.51	95529.51	-0.7817626	280.8682	120.7308	282.7421	1448.77	16.94359	27.86095	
1996	8	3	2	3	9	67.99137	9	2	1911	1912	2012	2	2	1	1	33	1	1	2	1	85	0.2131141	67.99137	6695.385	1	31.83099	8341.501	7242.328	11.55762	891.2677	28	0.2655182	16.77256	0.10288	6	36.7567	-81.30802	1151.468	0.0226561	-0.01868551	94878.68	94878.68	-0.7817626	278.343	120.4042	281.6508	1444.85	66.95385	53.49782	
1996	9	4	1	2	10	231.9004	10	2	1953	1954	2012	1	2	3	1	36	1	1	2	1	43	0.2765879	231.9004	8689.534	1	31.83099	11200.54	7671.411	18.81669	1018.592	32	0.3565243	23.58759	0.1120774	7	37.71701	-80.1116	885.8552	0.0074163	0.2365007	99339.93	99339.93	-0.7817626	281.3349	118.1742	282.8488	1418.09	86.89534	207.2183	
1996	10	4	3	1	11	49.64117	11	1	1946	1948	2012	2	1	9	2	1	1	1	3	1	50	0.09724854	49.64117	3055.248	1	31.83099	12908.97	7831.974	18.7724	891.2677	28	0.4109051	25.26814	0.02403447	8	37.72533	-80.1077	666.932	0.3427531	-0.2145659	96596.13	96596.13	-0.7817626	281.7124	118.1742	282.8488	1418.09	30.55248	28.96757	
1997	1	1	2	1	1	310.9166	1	2	1940	1941	2012	2	1	8	1	37	1	1	3	1	57	0.1066402	310.9166	3350.305	1	31.83099	9111.452	6044.495	15.14729	827.6057	26	0.2900265	16.61092	0.05540969	1	37.91899	-79.84276	994.1304	0.03211271	0.02124307	119858.1	119858.1	-0.6235046	282.9731	86.88	282.0867	1042.56	33.50305	160.7897	
1997	2	1	3	2	2	174.8281	2	2	1941	1943	2012	2	2	4	2	32	1	1	3	1	56	0.1004426	174.8281	3155.594	1	31.83099	9844.013	6127.546	15.51039	986.7606	31	0.3133447	17.13898	0.05438479	2	37.91423	-79.8396	866.7018	0.03820643	-0.1361153	118509.7	118509.7	-0.6235046	283.2583	86.88	282.0867	1042.56	31.55594	154.9812	
1997	3	1	3	3	3	161.4288	3	2	1934	1935	2012	2	1	10	1	3	1	1	2	1	63	0.1181353	161.4288	3711.446	1	31.83099	3996.369	3682.289	3.214199	891.2677	28	0.1272084	5.675005	0.1776129	2	37.91517	-79.83977	880.1485	0.03880484	-0.11358	119166.5	119166.5	-0.6235046	283.4065	86.88	282.0867	1042.56	37.11446	239.6013	
1997	4	2	1	3	4	589.6101	4	1	1927	1929	2012	2	2	5	2	21	1	1	1	1	70	0.4205581	589.6101	22334.47	1	18.8349	20093.56	12186.42	18.47122	640.3868	34	0.3784602	19.99181	0.1010121	3	38.31877	-79.2409	952.3546	0.006178378	0.287183	106064	106064	-0.6235046	281.5035	80.57583	282.8654	966.91	223.3447	638.0063	
1997	4	2	1	3	5	120.0079	5	1	1938	1942	2012	2	1	6	4	23	1	1	2	1	59	0.1240379	120.0079	6587.247	1	18.8349	20093.56	12186.42	18.47122	640.3868	34	0.3784602	19.99181	0.02979213	3	38.31877	-79.2409	952.3546	0.006178378	0.287183	106064	106064	-0.6235046	281.5035	80.57583	282.8654	966.91	65.87247	135.2405	
1997	5	2	2	2	6	15.81792	6	2	1929	1930	2012	2	1	7	1	28	1	1	3	1	68	0.03856647	15.81792	1745.089	1	22.10485	17736.75	9909.086	18.46893	707.3553	32	0.3920682	18.7556	0.01088836	4	38.31543	-79.22434	837.3021	0.01256754	0.06980967	105240.2	105240.2	-0.6235046	281.3198	79.83167	283.1029	957.98	17.45089	28.76025	
1997	6	2	2	3	7	10.1003	7	2	1918	1919	2012	2	1	6	1	48	1	1	3	1	79	0.07641069	10.1003	2400.587	1	31.83099	4067.321	2636.458	8.391846	572.9578	18	0.1294668	9.252585	0.03637651	4	38.31529	-79.22547	843.7128	0.01308778	0.1314863	105698.6	105698.6	-0.6235046	281.3309	79.83167	283.1029	957.98	24.00587	70.4877	
1997	7	2	3	3	8	41.58864	8	1	1933	1935	2011	2	2	2	2	1	1	1	3	1	64	0.08634602	41.58864	1735.947	1	49.73592	4855.735	4388.39	9.302842	1094.19	22	0.2415045	13.02498	0.01347507	5	38.32188	-79.22275	717.661	1.240813	-0.1189929	95529.51	95529.51	-0.6235046	281.0223	79.83167	283.1029	957.98	17.35947	29.82976	
1997	8	3	2	3	9	34.85283	9	2	1911	1912	2012	2	2	1	1	33	1	1	2	1	86	0.2142235	34.85283	6730.238	1	31.83099	7400.766	7331.468	11.67708	891.2677	28	0.2355737	17.00813	0.1027305	6	36.7567	-81.30802	1151.468	0.0226561	-0.01868551	94878.68	94878.68	-0.6235046	278.4965	90.12917	282.0117	1081.55	67.30238	59.12703	
1997	9	4	1	2	10	258.8886	10	2	1953	1954	2012	1	2	3	1	36	1	1	2	1	44	0.2848283	258.8886	8948.423	1	31.83099	11328.9	7818.534	19.12071	1018.592	32	0.36061	23.9482	0.1137387	7	37.71701	-80.1116	885.8552	0.0074163	0.2365007	99339.93	99339.93	-0.6235046	281.4976	74.37167	282.8067	892.46	89.48423	221.0713	
1997	10	4	3	1	11	59.24635	11	1	1946	1948	2012	2	1	9	2	1	1	1	3	1	51	0.09913435	59.24635	3114.494	1	31.83099	12354.33	7955.332	19.10345	891.2677	28	0.3932504	25.66139	0.02404908	8	37.72533	-80.1077	666.932	0.3427531	-0.2145659	96596.13	96596.13	-0.6235046	281.8737	74.37167	282.8067	892.46	31.14494	30.15428	
1998	1	1	2	1	1	363.9579	1	2	1940	1941	2012	2	1	8	1	37	1	1	3	1	58	0.118225	363.9579	3714.263	1	31.83099	10803.04	6158.892	15.44982	827.6057	26	0.3438715	16.95479	0.06034853	1	37.91899	-79.84276	994.1304	0.03211271	0.02124307	119858.1	119858.1	1.11728	284.7306	100.7042	284.53	1208.45	37.14263	181.5084	
1998	2	1	3	2	2	208.2732	2	2	1941	1943	2012	2	2	4	2	32	1	1	3	1	57	0.1070719	208.2732	3363.867	1	31.83099	9493.697	6254.968	15.77223	986.7606	31	0.3021938	17.44117	0.05710983	2	37.91423	-79.8396	866.7018	0.03820643	-0.1361153	118509.7	118509.7	1.11728	285.0151	100.7042	284.53	1208.45	33.63867	156.1342	
1998	3	1	3	3	3	144.1024	3	2	1934	1935	2012	2	1	10	1	3	1	1	2	1	64	0.1227221	144.1024	3855.549	1	31.83099	4487.638	3783.555	3.269581	891.2677	28	0.1428459	5.817851	0.1839233	2	37.91517	-79.83977	880.1485	0.03880484	-0.11358	119166.5	119166.5	1.11728	285.1454	100.7042	284.53	1208.45	38.55549	226.1787	
1998	4	2	1	3	4	779.874	4	1	1927	1929	2012	2	2	5	2	21	1	1	1	1	71	0.4352432	779.874	23114.35	1	18.8349	29750.03	12492.17	18.98621	640.3868	34	0.560339	20.55215	0.1029207	3	38.31877	-79.2409	952.3546	0.006178378	0.287183	106064	106064	1.11728	283.4291	86.49	284.5808	1037.88	231.1435	709.1645	
1998	4	2	1	3	5	149.2663	5	1	1938	1942	2012	2	1	6	4	23	1	1	2	1	60	0.1268485	149.2663	6736.513	1	18.8349	29750.03	12492.17	18.98621	640.3868	34	0.560339	20.55215	0.0299955	3	38.31877	-79.2409	952.3546	0.006178378	0.287183	106064	106064	1.11728	283.4291	86.49	284.5808	1037.88	67.36513	114.5052	
1998	5	2	2	2	6	21.45386	6	2	1929	1930	2012	2	1	7	1	28	1	1	3	1	69	0.0390406	21.45386	1766.543	1	22.10485	24942.54	10057.96	18.76944	707.3553	32	0.5513511	19.30695	0.01079224	4	38.31543	-79.22434	837.3021	0.01256754	0.06980967	105240.2	105240.2	1.11728	283.2276	85.74417	284.7942	1028.93	17.66543	41.72006	
1998	6	2	2	3	7	20.25762	7	2	1918	1919	2012	2	1	6	1	48	1	1	3	1	80	0.07705549	20.25762	2420.845	1	31.83099	5655.24	2693.649	8.573886	604.7888	19	0.1800119	9.432597	0.03639288	4	38.31529	-79.22547	843.7128	0.01308778	0.1314863	105698.6	105698.6	1.11728	283.2404	85.74417	284.7942	1028.93	24.20845	104.736	
1998	7	2	3	3	8	58.80527	8	1	1933	1935	2011	2	2	2	2	1	1	1	3	1	65	0.08927099	58.80527	1794.753	1	49.73592	5897.128	4473.536	9.46965	1094.19	22	0.2932991	13.31828	0.01381193	5	38.32188	-79.22275	717.661	1.240813	-0.1189929	95529.51	95529.51	1.11728	282.8139	85.74417	284.7942	1028.93	17.94753	49.08966	
1998	8	3	2	3	9	37.85933	9	2	1911	1912	2012	2	2	1	1	33	1	1	2	1	87	0.2154285	37.85933	6768.097	1	31.83099	8257.32	7428.652	11.82214	891.2677	28	0.2628386	17.27097	0.1021828	6	36.7567	-81.30802	1151.468	0.0226561	-0.01868551	94878.68	94878.68	1.11728	280.4357	116.7233	283.6546	1400.68	67.68097	182.733	
1998	9	4	1	2	10	304.2997	10	2	1953	1954	2012	1	2	3	1	36	1	1	2	1	45	0.2945142	304.2997	9252.723	1	31.83099	12608.57	7977.933	19.4638	1018.592	32	0.4013432	24.34954	0.1158947	7	37.71701	-80.1116	885.8552	0.0074163	0.2365007	99339.93	99339.93	1.11728	283.376	95.70583	284.4704	1148.47	92.52723	326.5697	
1998	10	4	3	1	11	82.58619	11	1	1946	1948	2012	2	1	9	2	1	1	1	3	1	52	0.1017631	82.58619	3197.08	1	31.83099	12854.18	8083.494	19.44979	891.2677	28	0.4091613	26.07055	0.02418127	8	37.72533	-80.1077	666.932	0.3427531	-0.2145659	96596.13	96596.13	1.11728	283.651	95.70583	284.4704	1148.47	31.9708	40.22776	
1999	1	1	2	1	1	231.0703	1	2	1940	1941	2012	2	1	8	1	37	1	1	3	1	59	0.1255799	231.0703	3945.333	1	31.83099	9850.919	6263.573	15.72141	827.6057	26	0.3135645	17.26836	0.0634197	1	37.91899	-79.84276	994.1304	0.03211271	0.02124307	119858.1	119858.1	0.3926551	283.9931	87.38333	283.2463	1048.6	39.45333	204.4144	
1999	2	1	3	2	2	145.1516	2	2	1941	1943	2012	2	2	4	2	32	1	1	3	1	58	0.1116921	145.1516	3509.019	1	31.83099	9022.995	6377.227	16.01764	986.7606	31	0.2872109	17.72839	0.05868397	2	37.91423	-79.8396	866.7018	0.03820643	-0.1361153	118509.7	118509.7	0.3926551	284.2786	87.38333	283.2463	1048.6	35.09019	176.6161	
1999	3	1	3	3	3	122.2142	3	2	1934	1935	2012	2	1	10	1	3	1	1	2	1	65	0.1266122	122.2142	3977.763	1	31.83099	4226.135	3877.646	3.30213	954.9297	30	0.134522	5.952373	0.1894524	2	37.91517	-79.83977	880.1485	0.03880484	-0.11358	119166.5	119166.5	0.3926551	284.4172	87.38333	283.2463	1048.6	39.77763	255.3649	
1999	4	2	1	3	4	458.1864	4	1	1927	1929	2012	2	2	5	2	21	1	1	1	1	72	0.4438708	458.1864	23572.53	1	18.8349	20929.29	12709.38	19.33448	640.3868	34	0.3942012	20.94635	0.1036469	3	38.31877	-79.2409	952.3546	0.006178378	0.287183	106064	106064	0.3926551	282.6268	76.68417	283.8338	920.21	235.7253	621.2081	
1999	4	2	1	3	5	108.8831	5	1	1938	1942	2012	2	1	6	4	23	1	1	2	1	61	0.1288988	108.8831	6845.397	1	18.8349	20929.29	12709.38	19.33448	640.3868	34	0.3942012	20.94635	0.03009877	3	38.31877	-79.2409	952.3546	0.006178378	0.287183	106064	106064	0.3926551	282.6268	76.68417	283.8338	920.21	68.45397	94.3114	
1999	5	2	2	2	6	23.17058	6	2	1929	1930	2012	2	1	7	1	28	1	1	3	1	70	0.03955267	23.17058	1789.714	1	22.10485	16646.58	10174.89	18.99934	707.3553	32	0.3679702	19.67492	0.0107878	4	38.31543	-79.22434	837.3021	0.01256754	0.06980967	105240.2	105240.2	0.3926551	282.4332	75.82417	284.0667	909.89	17.89714	33.81308	
1999	6	2	2	3	7	24.96553	7	2	1918	1919	2012	2	1	6	1	48	1	1	3	1	81	0.07785014	24.96553	2445.81	1	31.83099	4611.431	2739.764	8.720668	604.7888	19	0.1467864	9.579383	0.03645199	4	38.31529	-79.22547	843.7128	0.01308778	0.1314863	105698.6	105698.6	0.3926551	282.4446	75.82417	284.0667	909.89	24.4581	95.13325	
1999	7	2	3	3	8	30.53157	8	1	1933	1935	2011	2	2	2	2	1	1	1	3	1	66	0.09078963	30.53157	1825.284	1	49.73592	4792.404	4547.113	9.578915	1094.19	22	0.2383546	13.55664	0.01394791	5	38.32188	-79.22275	717.661	1.240813	-0.1189929	95529.51	95529.51	0.3926551	282.0631	75.82417	284.0667	909.89	18.25284	43.51524	
1999	8	3	2	3	9	7.292815	9	2	1911	1912	2012	2	2	1	1	33	1	1	2	1	88	0.2156607	7.292815	6775.39	1	31.83099	6814.526	7510.887	11.91962	891.2677	28	0.2169131	17.48788	0.1009782	6	36.7567	-81.30802	1151.468	0.0226561	-0.01868551	94878.68	94878.68	0.3926551	279.6357	94.69417	282.9758	1136.33	67.7539	121.2426	
1999	9	4	1	2	10	270.2536	10	2	1953	1954	2012	1	2	3	1	36	1	1	2	1	46	0.3031163	270.2536	9522.976	1	31.83099	11056.56	8121.29	19.75584	1018.592	32	0.3519413	24.70148	0.1176893	7	37.71701	-80.1116	885.8552	0.0074163	0.2365007	99339.93	99339.93	0.3926551	282.5991	82.04167	283.9154	984.5	95.22976	308.1224	
1999	10	4	3	1	11	76.23711	11	1	1946	1948	2012	2	1	9	2	1	1	1	3	1	53	0.1041897	76.23711	3273.318	1	31.83099	11637.88	8199.298	19.75679	891.2677	28	0.3704453	26.441	0.02435575	8	37.72533	-80.1077	666.932	0.3427531	-0.2145659	96596.13	96596.13	0.3926551	282.9045	82.04167	283.9154	984.5	32.73318	39.04237	
2000	1	1	2	1	1	291.0774	1	2	1940	1941	2012	2	1	8	1	37	1	1	3	1	60	0.1348449	291.0774	4236.41	1	31.83099	10742.75	6376.976	16.02077	827.6057	26	0.3419523	17.61031	0.06690916	1	37.91899	-79.84276	994.1304	0.03211271	0.02124307	119858.1	119858.1	-0.3248141	283.2614	92.4775	282.6088	1109.73	42.3641	218.5747	
2000	2	1	3	2	2	201.6632	2	2	1941	1943	2012	2	2	4	2	32	1	1	3	1	59	0.118111	201.6632	3710.682	1	31.83099	9327.869	6502.079	16.27131	986.7606	31	0.2969153	18.0253	0.06124739	2	37.91423	-79.8396	866.7018	0.03820643	-0.1361153	118509.7	118509.7	-0.3248141	283.5474	92.4775	282.6088	1109.73	37.10682	190.9071	
2000	3	1	3	3	3	164.1199	3	2	1934	1935	2012	2	1	10	1	3	1	1	2	1	66	0.1318361	164.1199	4141.883	1	31.83099	5834.275	3986.949	3.383096	986.7606	31	0.1857108	6.138084	0.1970085	2	37.91517	-79.83977	880.1485	0.03880484	-0.11358	119166.5	119166.5	-0.3248141	283.6932	92.4775	282.6088	1109.73	41.41883	273.948	
2000	4	2	1	3	4	498.7592	4	1	1927	1929	2012	2	2	5	2	21	1	1	1	1	73	0.4532625	498.7592	24071.29	1	18.8349	35506.83	13072.05	19.95664	640.3868	34	0.6687678	21.61512	0.1040926	3	38.31877	-79.2409	952.3546	0.006178378	0.287183	106064	106064	-0.3248141	281.8104	84.395	283.1758	1012.74	240.7129	526.6454	
2000	4	2	1	3	5	118.7755	5	1	1938	1942	2012	2	1	6	4	23	1	1	2	1	62	0.1311354	118.7755	6964.172	1	18.8349	35506.83	13072.05	19.95664	640.3868	34	0.6687678	21.61512	0.0301155	3	38.31877	-79.2409	952.3546	0.006178378	0.287183	106064	106064	-0.3248141	281.8104	84.395	283.1758	1012.74	69.64172	78.70618	
2000	5	2	2	2	6	16.05668	6	2	1929	1930	2012	2	1	7	1	28	1	1	3	1	71	0.03990752	16.05668	1805.77	1	22.10485	28245.03	10344.71	19.34612	707.3553	32	0.6243522	20.29927	0.01068071	4	38.31543	-79.22434	837.3021	0.01256754	0.06980967	105240.2	105240.2	-0.3248141	281.6288	83.225	283.4012	998.7	18.0577	11.51832	
2000	6	2	2	3	7	19.4968	7	2	1918	1919	2012	2	1	6	1	48	1	1	3	1	82	0.07847072	19.4968	2465.307	1	31.83099	6508.402	2804.848	8.92783	604.7888	19	0.2071689	9.786552	0.03629825	4	38.31529	-79.22547	843.7128	0.01308778	0.1314863	105698.6	105698.6	-0.3248141	281.6405	83.225	283.4012	998.7	24.65307	79.61386	
2000	7	2	3	3	8	54.3845	8	1	1933	1935	2011	2	2	2	2	1	1	1	3	1	67	0.09349472	54.3845	1879.669	1	49.73592	6241.736	4634.662	9.757678	1094.19	22	0.3104385	13.86707	0.01421834	5	38.32188	-79.22275	717.661	1.240813	-0.1189929	95529.51	95529.51	-0.3248141	281.3155	83.225	283.4012	998.7	18.79669	36.87964	
2000	8	3	2	3	9	45.3031	9	2	1911	1912	2012	2	2	1	1	33	1	1	2	1	89	0.2171027	45.3031	6820.693	1	31.83099	8428.45	7608.74	12.06681	891.2677	28	0.2682859	17.75617	0.1000614	6	36.7567	-81.30802	1151.468	0.0226561	-0.01868551	94878.68	94878.68	-0.3248141	278.803	87.40833	282.3225	1048.9	68.20693	73.23622	
2000	9	4	1	2	10	405.1535	10	2	1953	1954	2012	1	2	3	1	36	1	1	2	1	47	0.3160124	405.1535	9928.13	1	31.83099	13481	8288.37	20.12338	1018.592	32	0.4291137	25.1306	0.1208601	7	37.71701	-80.1116	885.8552	0.0074163	0.2365007	99339.93	99339.93	-0.3248141	281.7916	85.2525	283.3075	1023.03	99.2813	272.8932	
2000	10	4	3	1	11	65.4067	11	1	1946	1948	2012	2	1	9	2	1	1	1	3	1	54	0.1062716	65.4067	3338.724	1	31.83099	11778.78	8316.315	20.06765	891.2677	28	0.3749301	26.81593	0.02437018	8	37.72533	-80.1077	666.932	0.3427531	-0.2145659	96596.13	96596.13	-0.3248141	282.1525	85.2525	283.3075	1023.03	33.38724	35.10881	
2001	1	1	2	1	1	449.7253	1	2	1940	1941	2012	2	1	8	1	37	1	1	3	1	61	0.1491597	449.7253	4686.136	1	31.83099	9723.861	6479.996	16.28708	827.6057	26	0.3095201	17.91983	0.07350543	1	37.91899	-79.84276	994.1304	0.03211271	0.02124307	119858.1	119858.1	0.2099438	283.8389	79.11667	283.3146	949.4	46.86136	249.9707	
2001	2	1	3	2	2	313.416	2	2	1941	1943	2012	2	2	4	2	32	1	1	3	1	60	0.128087	313.416	4024.098	1	31.83099	9365.76	6626.853	16.52472	986.7606	31	0.2981214	18.32342	0.06568343	2	37.91423	-79.8396	866.7018	0.03820643	-0.1361153	118509.7	118509.7	0.2099438	284.1187	79.11667	283.3146	949.4	40.24098	208.6613	
2001	3	1	3	3	3	378.0614	3	2	1934	1935	2012	2	1	10	1	3	1	1	2	1	67	0.1438698	378.0614	4519.944	1	31.83099	6865.088	4105.366	3.493072	1018.592	32	0.2185226	6.356606	0.2146789	2	37.91517	-79.83977	880.1485	0.03880484	-0.11358	119166.5	119166.5	0.2099438	284.26	79.11667	283.3146	949.4	45.19944	295.994	
2001	4	2	1	3	4	523.5456	4	1	1927	1929	2012	2	2	5	2	21	1	1	1	1	74	0.4631208	523.5456	24594.84	1	18.8349	33648.66	13415.8	20.54319	640.3868	34	0.6337693	22.24889	0.1050215	3	38.31877	-79.2409	952.3546	0.006178378	0.287183	106064	106064	0.2099438	282.4335	68.02083	283.6804	816.25	245.9484	612.1315	
2001	4	2	1	3	5	134.9847	5	1	1938	1942	2012	2	1	6	4	23	1	1	2	1	63	0.1336771	134.9847	7099.157	1	18.8349	33648.66	13415.8	20.54319	640.3868	34	0.6337693	22.24889	0.03031383	3	38.31877	-79.2409	952.3546	0.006178378	0.287183	106064	106064	0.2099438	282.4335	68.02083	283.6804	816.25	70.99157	91.71448	
2001	5	2	2	2	6	32.30186	6	2	1929	1930	2012	2	1	7	1	28	1	1	3	1	72	0.0406214	32.30186	1838.072	1	22.10485	28528.05	10510.82	19.68472	707.3553	32	0.6306084	20.92988	0.01065314	4	38.31543	-79.22434	837.3021	0.01256754	0.06980967	105240.2	105240.2	0.2099438	282.235	66.88167	283.8796	802.58	18.38072	7.718136	
2001	6	2	2	3	7	14.9012	7	2	1918	1919	2012	2	1	6	1	48	1	1	3	1	83	0.07894503	14.9012	2480.208	1	31.83099	5809.409	2862.942	9.112744	604.7888	19	0.1849192	9.971471	0.03609428	4	38.31529	-79.22547	843.7128	0.01308778	0.1314863	105698.6	105698.6	0.2099438	282.2472	66.88167	283.8796	802.58	24.80208	92.0723	
2001	7	2	3	3	8	57.57283	8	1	1933	1935	2011	2	2	2	2	1	1	1	3	1	68	0.09635839	57.57283	1937.241	1	49.73592	5919.453	4718.467	9.917817	1094.19	22	0.2944094	14.16148	0.01451813	5	38.32188	-79.22275	717.661	1.240813	-0.1189929	95529.51	95529.51	0.2099438	281.8581	66.88167	283.8796	802.58	19.37241	44.57766	
2001	8	3	2	3	9	52.79949	9	2	1911	1912	2012	2	2	1	1	33	1	1	2	1	90	0.2187833	52.79949	6873.493	1	31.83099	9363.071	7715.417	12.2421	891.2677	28	0.2980358	18.05421	0.09940749	6	36.7567	-81.30802	1151.468	0.0226561	-0.01868551	94878.68	94878.68	0.2099438	279.4228	86.97417	282.8279	1043.69	68.73493	108.1448	
2001	9	4	1	2	10	358.1693	10	2	1953	1954	2012	1	2	3	1	36	1	1	2	1	48	0.3274129	358.1693	10286.3	1	31.83099	13166.17	8451.781	20.47924	1018.592	32	0.4190921	25.54969	0.1233452	7	37.71701	-80.1116	885.8552	0.0074163	0.2365007	99339.93	99339.93	0.2099438	282.4002	74.86417	283.8142	898.37	102.863	324.6219	
2001	10	4	3	1	11	51.05214	11	1	1946	1948	2012	2	1	9	2	1	1	1	3	1	55	0.1078966	51.05214	3389.776	1	31.83099	11342.76	8428.776	20.36401	891.2677	28	0.3610511	27.17698	0.02433639	8	37.72533	-80.1077	666.932	0.3427531	-0.2145659	96596.13	96596.13	0.2099438	282.7108	74.86417	283.8142	898.37	33.89776	39.16868	
2002	1	1	2	1	1	452.69	1	2	1940	1941	2012	2	1	8	1	37	1	1	3	1	62	0.1635688	452.69	5138.826	1	31.83099	10448.44	6590.065	16.57583	827.6057	26	0.3325841	18.25242	0.07990972	1	37.91899	-79.84276	994.1304	0.03211271	0.02124307	119858.1	119858.1	0.4989653	284.0913	93.8975	283.4463	1126.77	51.38826	279.0647	
2002	2	1	3	2	2	320.3765	2	2	1941	1943	2012	2	2	4	2	32	1	1	3	1	61	0.1382846	320.3765	4344.474	1	31.83099	8389.982	6741.414	16.74563	986.7606	31	0.2670614	18.59048	0.07018571	2	37.91423	-79.8396	866.7018	0.03820643	-0.1361153	118509.7	118509.7	0.4989653	284.38	93.8975	283.4463	1126.77	43.44474	226.6136	
2002	3	1	3	3	3	504.2499	3	2	1934	1935	2012	2	1	10	1	3	1	1	2	1	68	0.1599201	504.2499	5024.194	1	31.83099	15818.53	4311.641	3.882698	1050.423	33	0.5035194	6.860126	0.2288725	2	37.91517	-79.83977	880.1485	0.03880484	-0.11358	119166.5	119166.5	0.4989653	284.518	93.8975	283.4463	1126.77	50.24194	326.033	
2002	4	2	1	3	4	526.1948	4	1	1927	1929	2012	2	2	5	2	21	1	1	1	1	75	0.4730291	526.1948	25121.03	1	18.8349	28643.21	13709.18	21.03488	640.3868	34	0.5394922	22.78838	0.1057323	3	38.31877	-79.2409	952.3546	0.006178378	0.287183	106064	106064	0.4989653	282.7271	86.65083	283.9667	1039.81	251.2103	660.1667	
2002	4	2	1	3	5	168.5543	5	1	1938	1942	2012	2	1	6	4	23	1	1	2	1	64	0.136851	168.5543	7267.711	1	18.8349	28643.21	13709.18	21.03488	640.3868	34	0.5394922	22.78838	0.03058918	3	38.31877	-79.2409	952.3546	0.006178378	0.287183	106064	106064	0.4989653	282.7271	86.65083	283.9667	1039.81	72.67711	99.99021	
2002	5	2	2	2	6	25.2068	6	2	1929	1930	2012	2	1	7	1	28	1	1	3	1	73	0.04117847	25.2068	1863.279	1	22.10485	24117.65	10676.92	20.02327	707.3553	32	0.5331172	21.463	0.01058624	4	38.31543	-79.22434	837.3021	0.01256754	0.06980967	105240.2	105240.2	0.4989653	282.5368	84.43333	284.2054	1013.2	18.63279	7.869041	
2002	6	2	2	3	7	19.61885	7	2	1918	1919	2012	2	1	6	1	48	1	1	3	1	84	0.0795695	19.61885	2499.827	1	31.83099	6217.636	2925.118	9.310651	604.7888	19	0.1979135	10.16938	0.03589997	4	38.31529	-79.22547	843.7128	0.01308778	0.1314863	105698.6	105698.6	0.4989653	282.5485	84.43333	284.2054	1013.2	24.99827	98.80219	
2002	7	2	3	3	8	33.24433	8	1	1933	1935	2011	2	2	2	2	1	1	1	3	1	69	0.09801196	33.24433	1970.486	1	49.73592	5523.055	4797.787	10.05565	1094.19	22	0.2746942	14.43618	0.01463553	5	38.32188	-79.22275	717.661	1.240813	-0.1189929	95529.51	95529.51	0.4989653	282.1653	84.43333	284.2054	1013.2	19.70486	49.53724	
2002	8	3	2	3	9	47.10378	9	2	1911	1912	2012	2	2	1	1	33	1	1	2	1	91	0.2202826	47.10378	6920.596	1	31.83099	7763.346	7805.576	12.3648	891.2677	28	0.247115	18.30132	0.0988922	6	36.7567	-81.30802	1151.468	0.0226561	-0.01868551	94878.68	94878.68	0.4989653	279.7206	102.3958	283.0617	1228.75	69.20596	129.3298	
2002	9	4	1	2	10	226.7199	10	2	1953	1954	2012	1	2	3	1	36	1	1	2	1	49	0.3346294	226.7199	10513.02	1	31.83099	12515.2	8608.16	20.81272	1018.592	32	0.3983712	25.94806	0.1242361	7	37.71701	-80.1116	885.8552	0.0074163	0.2365007	99339.93	99339.93	0.4989653	282.6935	89.20333	284.0775	1070.44	105.1302	351.0863	
2002	10	4	3	1	11	43.89363	11	1	1946	1948	2012	2	1	9	2	1	1	1	3	1	56	0.1092937	43.89363	3433.67	1	31.83099	13641.7	8564.031	20.73293	891.2677	28	0.4342289	27.61121	0.02389532	8	37.72533	-80.1077	666.932	0.3427531	-0.2145659	96596.13	96596.13	0.4989653	283.0051	89.20333	284.0775	1070.44	34.3367	40.70982	
2003	1	1	2	1	1	276.5077	1	2	1940	1941	2012	2	1	8	1	37	1	1	3	1	63	0.1723701	276.5077	5415.333	1	31.83099	12864.3	6724.097	16.94085	827.6057	26	0.4094835	18.6619	0.08372382	1	37.91899	-79.84276	994.1304	0.03211271	0.02124307	119858.1	119858.1	-0.4256938	283.1835	134.0475	282.5288	1608.57	54.15333	295.3805	
2003	2	1	3	2	2	280.7015	2	2	1941	1943	2012	2	2	4	2	32	1	1	3	1	62	0.1472193	280.7015	4625.176	1	31.83099	8410.65	6855.725	16.96574	986.7606	31	0.2677193	18.8582	0.07382104	2	37.91423	-79.8396	866.7018	0.03820643	-0.1361153	118509.7	118509.7	-0.4256938	283.4649	134.0475	282.5288	1608.57	46.25176	251.0822	
2003	3	1	3	3	3	292.7178	3	2	1934	1935	2012	2	1	10	1	3	1	1	2	1	69	0.1692373	292.7178	5316.912	1	31.83099	16604.71	4527.118	4.301618	1082.254	34	0.5285445	7.38867	0.2270393	2	37.91517	-79.83977	880.1485	0.03880484	-0.11358	119166.5	119166.5	-0.4256938	283.6125	134.0475	282.5288	1608.57	53.16912	360.2043	
2003	4	2	1	3	4	511.5231	4	1	1927	1929	2012	2	2	5	2	21	1	1	1	1	76	0.4826611	511.5231	25632.56	1	18.8349	26624.71	13982.04	21.48794	640.3868	34	0.5014738	23.28986	0.1065065	3	38.31877	-79.2409	952.3546	0.006178378	0.287183	106064	106064	-0.4256938	281.7295	126.1192	283.0996	1513.43	256.3256	555.376	
2003	4	2	1	3	5	95.84088	5	1	1938	1942	2012	2	1	6	4	23	1	1	2	1	65	0.1386557	95.84088	7363.552	1	18.8349	26624.71	13982.04	21.48794	640.3868	34	0.5014738	23.28986	0.03059649	3	38.31877	-79.2409	952.3546	0.006178378	0.287183	106064	106064	-0.4256938	281.7295	126.1192	283.0996	1513.43	73.63552	83.61421	
2003	5	2	2	2	6	21.25759	6	2	1929	1930	2012	2	1	7	1	28	1	1	3	1	74	0.04164826	21.25759	1884.537	1	22.10485	20216.94	10816.83	20.30396	707.3553	32	0.4468925	21.90989	0.0105245	4	38.31543	-79.22434	837.3021	0.01256754	0.06980967	105240.2	105240.2	-0.4256938	281.5333	125.9508	283.3133	1511.41	18.84537	6.321584	
2003	6	2	2	3	7	14.05588	7	2	1918	1919	2012	2	1	6	1	48	1	1	3	1	85	0.0800169	14.05588	2513.883	1	31.83099	5623.27	2981.351	9.48964	604.7888	19	0.1789942	10.34838	0.03572885	4	38.31529	-79.22547	843.7128	0.01308778	0.1314863	105698.6	105698.6	-0.4256938	281.5451	125.9508	283.3133	1511.41	25.13883	79.96135	
2003	7	2	3	3	8	31.81491	8	1	1933	1935	2011	2	2	2	2	1	1	1	3	1	70	0.09959444	31.81491	2002.301	1	49.73592	5954.979	4880.905	10.21237	1094.19	22	0.2961764	14.73235	0.01474561	5	38.32188	-79.22275	717.661	1.240813	-0.1189929	95529.51	95529.51	-0.4256938	281.17	125.9508	283.3133	1511.41	20.02301	39.00746	
2003	8	3	2	3	9	67.99349	9	2	1911	1912	2012	2	2	1	1	33	1	1	2	1	92	0.2224468	67.99349	6988.59	1	31.83099	8112.267	7898.703	12.49695	891.2677	28	0.2582215	18.55954	0.09903651	6	36.7567	-81.30802	1151.468	0.0226561	-0.01868551	94878.68	94878.68	-0.4256938	278.6899	135.4933	282.4067	1625.92	69.8859	70.7407	
2003	9	4	1	2	10	400.1198	10	2	1953	1954	2012	1	2	3	1	36	1	1	2	1	50	0.3473652	400.1198	10913.14	1	31.83099	11285.51	8751.722	21.1054	1018.592	32	0.3592289	26.30729	0.1272866	7	37.71701	-80.1116	885.8552	0.0074163	0.2365007	99339.93	99339.93	-0.4256938	281.7035	123.265	283.3138	1479.18	109.1314	301.594	
2003	10	4	3	1	11	60.3789	11	1	1946	1948	2012	2	1	9	2	1	1	1	3	1	57	0.1112156	60.3789	3494.049	1	31.83099	13015.81	8692.832	21.0813	891.2677	28	0.4143061	28.02551	0.02367118	8	37.72533	-80.1077	666.932	0.3427531	-0.2145659	96596.13	96596.13	-0.4256938	282.0277	123.265	283.3138	1479.18	34.94049	35.26359	
2004	1	1	2	1	1	206.7695	1	2	1940	1941	2012	2	1	8	1	37	1	1	3	1	64	0.1789515	206.7695	5622.103	1	31.83099	15271.66	6882.008	17.38188	827.6057	26	0.486112	19.14801	0.08509922	1	37.91899	-79.84276	994.1304	0.03211271	0.02124307	119858.1	119858.1	0.1238402	283.7296	102.8092	282.9429	1233.71	56.22103	309.7126	
2004	2	1	3	2	2	394.4047	2	2	1941	1943	2012	2	2	4	2	32	1	1	3	1	63	0.1597733	394.4047	5019.581	1	31.83099	9941.456	6984.888	17.23313	986.7606	31	0.3164464	19.17465	0.07900595	2	37.91423	-79.8396	866.7018	0.03820643	-0.1361153	118509.7	118509.7	0.1238402	284.0112	102.8092	282.9429	1233.71	50.19581	272.6867	
2004	3	1	3	3	3	66.70387	3	2	1934	1935	2012	2	1	10	1	3	1	1	2	1	70	0.1713605	66.70387	5383.616	1	31.83099	20329.31	4782.2	4.846597	1082.254	34	0.647102	8.035772	0.2048686	2	37.91517	-79.83977	880.1485	0.03880484	-0.11358	119166.5	119166.5	0.1238402	284.152	102.8092	282.9429	1233.71	53.83616	352.304	
2004	4	2	1	3	4	676.2853	4	1	1927	1929	2012	2	2	5	2	21	1	1	1	1	77	0.4953955	676.2853	26308.84	1	18.8349	23667.23	14225.01	21.88471	640.3868	34	0.4457701	23.73563	0.1072058	3	38.31877	-79.2409	952.3546	0.006178378	0.287183	106064	106064	0.1238402	282.338	91.4	283.5917	1096.8	263.0884	644.8708	
2004	4	2	1	3	5	88.64451	5	1	1938	1942	2012	2	1	6	4	23	1	1	2	1	66	0.1403249	88.64451	7452.197	1	18.8349	23667.23	14225.01	21.88471	640.3868	34	0.4457701	23.73563	0.03036694	3	38.31877	-79.2409	952.3546	0.006178378	0.287183	106064	106064	0.1238402	282.338	91.4	283.5917	1096.8	74.52197	95.3749	
2004	5	2	2	2	6	37.8697	6	2	1929	1930	2012	2	1	7	1	28	1	1	3	1	75	0.04248518	37.8697	1922.406	1	22.10485	33425.61	10961.04	20.59415	707.3553	32	0.7388682	22.64876	0.01054648	4	38.31543	-79.22434	837.3021	0.01256754	0.06980967	105240.2	105240.2	0.1238402	282.1387	92.69917	283.805	1112.39	19.22406	7.454426	
2004	6	2	2	3	7	15.97272	7	2	1918	1919	2012	2	1	6	1	48	1	1	3	1	86	0.08052531	15.97272	2529.856	1	31.83099	6863.482	3049.986	9.708104	604.7888	19	0.2184714	10.56685	0.03534998	4	38.31529	-79.22547	843.7128	0.01308778	0.1314863	105698.6	105698.6	0.1238402	282.1511	92.69917	283.805	1112.39	25.29856	92.40714	
2004	7	2	3	3	8	32.888	8	1	1933	1935	2011	2	2	2	2	1	1	1	3	1	71	0.1012303	32.888	2035.189	1	49.73592	6261.735	4966.569	10.38175	1094.19	22	0.3114331	15.04379	0.0148305	5	38.32188	-79.22275	717.661	1.240813	-0.1189929	95529.51	95529.51	0.1238402	281.7525	92.69917	283.805	1112.39	20.35189	46.78103	
2004	8	3	2	3	9	63.8597	9	2	1911	1912	2012	2	2	1	1	33	1	1	2	1	93	0.2244795	63.8597	7052.45	1	31.83099	9366.225	8003.849	12.66735	891.2677	28	0.2981362	18.85768	0.09854426	6	36.7567	-81.30802	1151.468	0.0226561	-0.01868551	94878.68	94878.68	0.1238402	279.3141	110.2567	283.0387	1323.08	70.5245	104.6961	
2004	9	4	1	2	10	332.5474	10	2	1953	1954	2012	1	2	3	1	36	1	1	2	1	51	0.3579502	332.5474	11245.69	1	31.83099	13908.87	8920.995	21.47993	1018.592	32	0.442733	26.75002	0.1286348	7	37.71701	-80.1116	885.8552	0.0074163	0.2365007	99339.93	99339.93	0.1238402	282.296	102.7592	283.9092	1233.11	112.4569	355.2536	
2004	10	4	3	1	11	58.68903	11	1	1946	1948	2012	2	1	9	2	1	1	1	3	1	58	0.1130836	58.68903	3552.738	1	31.83099	11859.28	8809.872	21.39223	891.2677	28	0.3774927	28.403	0.02351502	8	37.72533	-80.1077	666.932	0.3427531	-0.2145659	96596.13	96596.13	0.1238402	282.5971	102.7592	283.9092	1233.11	35.52738	39.45579	
2005	1	1	2	1	1	234.0565	1	2	1940	1941	2012	2	1	8	1	37	1	1	3	1	65	0.1864015	234.0565	5856.159	1	31.83099	19918.95	7086.196	17.9702	827.6057	26	0.63404	19.78205	0.0854371	1	37.91899	-79.84276	994.1304	0.03211271	0.02124307	119858.1	119858.1	0.1393449	283.7215	87.86167	283.1775	1054.34	58.56159	298.1955	
2005	2	1	3	2	2	364.0788	2	2	1941	1943	2012	2	2	4	2	32	1	1	3	1	64	0.1713619	364.0788	5383.659	1	31.83099	11547.25	7129.652	17.55018	986.7606	31	0.3675604	19.54221	0.08332971	2	37.91423	-79.8396	866.7018	0.03820643	-0.1361153	118509.7	118509.7	0.1393449	284.0109	87.86167	283.1775	1054.34	53.83659	286.7082	
2005	3	1	3	3	3	299.5349	3	2	1934	1935	2012	2	1	10	1	3	1	1	2	1	71	0.1808947	299.5349	5683.151	1	31.83099	25071.07	5083.851	5.539809	1082.254	34	0.7980368	8.833809	0.191615	2	37.91517	-79.83977	880.1485	0.03880484	-0.11358	119166.5	119166.5	0.1393449	284.1534	87.86167	283.1775	1054.34	56.83151	364.1319	
2005	4	2	1	3	4	909.1785	4	1	1927	1929	2012	2	2	5	2	21	1	1	1	1	78	0.5125153	909.1785	27218.02	1	18.8349	33190.2	14562.87	22.46017	640.3868	34	0.6251343	24.36076	0.1083021	3	38.31877	-79.2409	952.3546	0.006178378	0.287183	106064	106064	0.1393449	282.3215	82.90333	283.5413	994.84	272.1802	659.123	
2005	4	2	1	3	5	71.9098	5	1	1938	1942	2012	2	1	6	4	23	1	1	2	1	67	0.1416789	71.9098	7524.106	1	18.8349	33190.2	14562.87	22.46017	640.3868	34	0.6251343	24.36076	0.02993885	3	38.31877	-79.2409	952.3546	0.006178378	0.287183	106064	106064	0.1393449	282.3215	82.90333	283.5413	994.84	75.24106	94.29259	
2005	5	2	2	2	6	17.39885	6	2	1929	1930	2012	2	1	7	1	28	1	1	3	1	76	0.04286969	17.39885	1939.805	1	22.10485	31603.53	11122.6	20.92268	707.3553	32	0.6985914	23.34735	0.01044069	4	38.31543	-79.22434	837.3021	0.01256754	0.06980967	105240.2	105240.2	0.1393449	282.1344	82.75417	283.7592	993.05	19.39805	7.370338	
2005	6	2	2	3	7	8.474525	7	2	1918	1919	2012	2	1	6	1	48	1	1	3	1	87	0.08079505	8.474525	2538.33	1	31.83099	6590.799	3115.894	9.917889	604.7888	19	0.2097917	10.77664	0.03497219	4	38.31529	-79.22547	843.7128	0.01308778	0.1314863	105698.6	105698.6	0.1393449	282.1454	82.75417	283.7592	993.05	25.3833	91.7909	
2005	7	2	3	3	8	56.20089	8	1	1933	1935	2011	2	2	2	2	1	1	1	3	1	72	0.1040257	56.20089	2091.39	1	49.73592	6895.046	5058.044	10.58005	1094.19	22	0.3429315	15.38672	0.01507211	5	38.32188	-79.22275	717.661	1.240813	-0.1189929	95529.51	95529.51	0.1393449	281.7896	82.75417	283.7592	993.05	20.9139	48.64809	
2005	8	3	2	3	9	68.63657	9	2	1911	1912	2012	2	2	1	1	33	1	1	2	1	94	0.2266642	68.63657	7121.086	1	31.83099	9796.276	8112.773	12.84978	891.2677	28	0.3118251	19.1695	0.09822196	6	36.7567	-81.30802	1151.468	0.0226561	-0.01868551	94878.68	94878.68	0.1393449	279.3125	83.12	283.2904	997.44	71.21086	103.7912	
2005	9	4	1	2	10	411.2485	10	2	1953	1954	2012	1	2	3	1	36	1	1	2	1	52	0.3710402	411.2485	11656.93	1	31.83099	13644.67	9087.106	21.84438	1018.592	32	0.4343233	27.18434	0.1313879	7	37.71701	-80.1116	885.8552	0.0074163	0.2365007	99339.93	99339.93	0.1393449	282.3022	79.93667	283.8875	959.24	116.5693	366.5205	
2005	10	4	3	1	11	70.15051	11	1	1946	1948	2012	2	1	9	2	1	1	1	3	1	59	0.1153165	70.15051	3622.888	1	31.83099	12520.51	8933.329	21.72359	891.2677	28	0.3985402	28.80154	0.02343188	8	37.72533	-80.1077	666.932	0.3427531	-0.2145659	96596.13	96596.13	0.1393449	282.6344	79.93667	283.8875	959.24	36.22888	39.82654	
2006	1	1	2	1	1	165.1318	1	2	1940	1941	2012	2	1	8	1	37	1	1	3	1	66	0.1916577	165.1318	6021.291	1	31.83099	20537.94	7296.379	18.57761	827.6057	26	0.653743	20.43579	0.08484696	1	37.91899	-79.84276	994.1304	0.03211271	0.02124307	119858.1	119858.1	0.4871239	284.1205	101.5675	283.7583	1218.81	60.21291	216.7507	
2006	2	1	3	2	2	352.7003	2	2	1941	1943	2012	2	2	4	2	32	1	1	3	1	65	0.1825883	352.7003	5736.36	1	31.83099	10649.54	7264.984	17.8372	986.7606	31	0.3389853	19.8812	0.08762036	2	37.91423	-79.8396	866.7018	0.03820643	-0.1361153	118509.7	118509.7	0.4871239	284.4015	101.5675	283.7583	1218.81	57.3636	280.2117	
2006	3	1	3	3	3	470.1004	3	2	1934	1935	2012	2	1	10	1	3	1	1	2	1	72	0.195858	470.1004	6153.251	1	31.83099	23795.01	5371.896	6.189709	1082.254	34	0.7574188	9.591228	0.1890099	2	37.91517	-79.83977	880.1485	0.03880484	-0.11358	119166.5	119166.5	0.4871239	284.5406	101.5675	283.7583	1218.81	61.53251	383.0957	
2006	4	2	1	3	4	753.1941	4	1	1927	1929	2012	2	2	5	2	21	1	1	1	1	79	0.526698	753.1941	27971.22	1	18.8349	29758.7	14866.1	22.97041	640.3868	34	0.5605023	24.92126	0.1089538	3	38.31877	-79.2409	952.3546	0.006178378	0.287183	106064	106064	0.4871239	282.7379	93.0475	283.9875	1116.57	279.7122	726.5284	
2006	4	2	1	3	5	136.9121	5	1	1938	1942	2012	2	1	6	4	23	1	1	2	1	68	0.144257	136.9121	7661.018	1	18.8349	29758.7	14866.1	22.97041	640.3868	34	0.5605023	24.92126	0.02984128	3	38.31877	-79.2409	952.3546	0.006178378	0.287183	106064	106064	0.4871239	282.7379	93.0475	283.9875	1116.57	76.61018	103.0408	
2006	5	2	2	2	6	10.80543	6	2	1929	1930	2012	2	1	7	1	28	1	1	3	1	77	0.04310849	10.80543	1950.611	1	22.10485	23745.19	11262.06	21.20239	707.3553	32	0.524884	23.87223	0.01035988	4	38.31543	-79.22434	837.3021	0.01256754	0.06980967	105240.2	105240.2	0.4871239	282.537	91.605	284.2212	1099.26	19.50611	7.959704	
2006	6	2	2	3	7	16.04215	7	2	1918	1919	2012	2	1	6	1	48	1	1	3	1	88	0.08130567	16.04215	2554.372	1	31.83099	5329.637	3169.19	10.08753	604.7888	19	0.1696476	10.94629	0.03487106	4	38.31529	-79.22547	843.7128	0.01308778	0.1314863	105698.6	105698.6	0.4871239	282.5492	91.605	284.2212	1099.26	25.54372	100.1669	
2006	7	2	3	3	8	55.15129	8	1	1933	1935	2011	2	2	2	2	1	1	1	3	1	73	0.1067689	55.15129	2146.541	1	49.73592	5913.173	5139.18	10.72691	1094.19	22	0.2940971	15.68082	0.01534631	5	38.32188	-79.22275	717.661	1.240813	-0.1189929	95529.51	95529.51	0.4871239	282.1507	91.605	284.2212	1099.26	21.46541	55.30612	
2006	8	3	2	3	9	80.99748	9	2	1911	1912	2012	2	2	1	1	33	1	1	2	1	95	0.2292423	80.99748	7202.084	1	31.83099	9875.486	8221.968	13.03308	891.2677	28	0.3143465	19.48385	0.09782525	6	36.7567	-81.30802	1151.468	0.0226561	-0.01868551	94878.68	94878.68	0.4871239	279.7313	95.74833	283.3446	1148.98	72.02084	131.6916	
2006	9	4	1	2	10	477.8737	10	2	1953	1954	2012	1	2	3	1	36	1	1	2	1	53	0.386251	477.8737	12134.81	1	31.83099	13256.35	9248.812	22.19482	1018.592	32	0.4219629	27.60631	0.1348999	7	37.71701	-80.1116	885.8552	0.0074163	0.2365007	99339.93	99339.93	0.4871239	282.7025	91.2	284.1358	1094.4	121.3481	413.6387	
2006	10	4	3	1	11	49.70981	11	1	1946	1948	2012	2	1	9	2	1	1	1	3	1	60	0.1168988	49.70981	3672.598	1	31.83099	13081.94	9062.204	22.0722	891.2677	28	0.4164112	29.21796	0.02320376	8	37.72533	-80.1077	666.932	0.3427531	-0.2145659	96596.13	96596.13	0.4871239	283.0029	91.2	284.1358	1094.4	36.72598	42.17358	
2007	1	1	2	1	1	110.3557	1	2	1940	1941	2012	2	1	8	1	37	1	1	3	1	67	0.1951703	110.3557	6131.647	1	31.83099	19689.18	7497.878	19.15738	827.6057	26	0.6267261	21.06252	0.08365131	1	37.91899	-79.84276	994.1304	0.03211271	0.02124307	119858.1	119858.1	0.4401975	284.0419	93.84583	283.7379	1126.15	61.31647	193.3318	
2007	2	1	3	2	2	302.4987	2	2	1941	1943	2012	2	2	4	2	32	1	1	3	1	66	0.1922169	302.4987	6038.858	1	31.83099	11062.45	7403.988	18.13591	986.7606	31	0.3521287	20.23332	0.09104131	2	37.91423	-79.8396	866.7018	0.03820643	-0.1361153	118509.7	118509.7	0.4401975	284.3269	93.84583	283.7379	1126.15	60.38858	246.4972	
2007	3	1	3	3	3	415.5871	3	2	1934	1935	2012	2	1	10	1	3	1	1	2	1	73	0.2090861	415.5871	6568.838	1	31.83099	25323.63	5674.379	6.885568	1082.254	34	0.8060761	10.3973	0.1852091	2	37.91517	-79.83977	880.1485	0.03880484	-0.11358	119166.5	119166.5	0.4401975	284.4656	93.84583	283.7379	1126.15	65.68838	406.9349	
2007	4	2	1	3	4	717.7163	4	1	1927	1929	2012	2	2	5	2	21	1	1	1	1	80	0.5402126	717.7163	28688.93	1	18.8349	30556.54	15176.98	23.49506	640.3868	34	0.5755295	25.49679	0.1095609	3	38.31877	-79.2409	952.3546	0.006178378	0.287183	106064	106064	0.4401975	282.6701	76.10333	284.0296	913.24	286.8893	728.1938	
2007	4	2	1	3	5	160.4352	5	1	1938	1942	2012	2	1	6	4	23	1	1	2	1	69	0.147278	160.4352	7821.454	1	18.8349	30556.54	15176.98	23.49506	640.3868	34	0.5755295	25.49679	0.02986954	3	38.31877	-79.2409	952.3546	0.006178378	0.287183	106064	106064	0.4401975	282.6701	76.10333	284.0296	913.24	78.21454	103.2147	
2007	5	2	2	2	6	9.16379	6	2	1929	1930	2012	2	1	7	1	28	1	1	3	1	78	0.04331101	9.16379	1959.774	1	22.10485	23425.18	11400.27	21.47932	707.3553	32	0.5178101	24.39005	0.01025107	4	38.31543	-79.22434	837.3021	0.01256754	0.06980967	105240.2	105240.2	0.4401975	282.472	73.3575	284.2479	880.29	19.59774	7.719224	
2007	6	2	2	3	7	16.08755	7	2	1918	1919	2012	2	1	6	1	48	1	1	3	1	89	0.08181774	16.08755	2570.46	1	31.83099	6195.043	3231.14	10.28472	604.7888	19	0.1971943	11.14348	0.03452605	4	38.31529	-79.22547	843.7128	0.01308778	0.1314863	105698.6	105698.6	0.4401975	282.4841	73.3575	284.2479	880.29	25.7046	98.42519	
2007	7	2	3	3	8	28.68879	8	1	1933	1935	2011	2	2	2	2	1	1	1	3	1	74	0.1081959	28.68879	2175.23	1	49.73592	6884.435	5229.507	10.91949	1094.19	22	0.3424037	16.02322	0.01537431	5	38.32188	-79.22275	717.661	1.240813	-0.1189929	95529.51	95529.51	0.4401975	282.0926	73.3575	284.2479	880.29	21.7523	54.72436	
2007	8	3	2	3	9	61.804	9	2	1911	1912	2012	2	2	1	1	33	1	1	2	1	96	0.2312095	61.804	7263.888	1	31.83099	8900.486	8320.892	13.18368	891.2677	28	0.2833113	19.76716	0.09758828	6	36.7567	-81.30802	1151.468	0.0226561	-0.01868551	94878.68	94878.68	0.4401975	279.6558	76.65167	283.7879	919.82	72.63888	120.5125	
2007	9	4	1	2	10	487.1491	10	2	1953	1954	2012	1	2	3	1	36	1	1	2	1	54	0.4017569	487.1491	12621.96	1	31.83099	14804.17	9425.474	22.59286	1018.592	32	0.4712314	28.07754	0.1378758	7	37.71701	-80.1116	885.8552	0.0074163	0.2365007	99339.93	99339.93	0.4401975	282.6349	76.13667	284.3446	913.64	126.2196	424.4778	
2007	10	4	3	1	11	53.3744	11	1	1946	1948	2012	2	1	9	2	1	1	1	3	1	61	0.1185977	53.3744	3725.973	1	31.83099	12842.03	9188.485	22.41255	891.2677	28	0.4087746	29.62673	0.02310714	8	37.72533	-80.1077	666.932	0.3427531	-0.2145659	96596.13	96596.13	0.4401975	282.9399	76.13667	284.3446	913.64	37.25973	41.94663	
2008	1	1	2	1	1	131.3915	1	2	1940	1941	2012	2	1	8	1	37	1	1	3	1	68	0.1993525	131.3915	6263.038	1	31.83099	18605.15	7688.341	19.70202	827.6057	26	0.5922204	21.65474	0.08271858	1	37.91899	-79.84276	994.1304	0.03211271	0.02124307	119858.1	119858.1	-0.2126073	283.4015	84.37333	282.8988	1012.48	62.63038	191.6467	
2008	2	1	3	2	2	257.9724	2	2	1941	1943	2012	2	2	4	2	32	1	1	3	1	67	0.2004281	257.9724	6296.831	1	31.83099	10448.85	7536.4	18.41364	986.7606	31	0.3325973	20.56592	0.0939954	2	37.91423	-79.8396	866.7018	0.03820643	-0.1361153	118509.7	118509.7	-0.2126073	283.6831	84.37333	282.8988	1012.48	62.96831	225.4867	
2008	3	1	3	3	3	493.8442	3	2	1934	1935	2012	2	1	10	1	3	1	1	2	1	74	0.2248052	493.8442	7062.682	1	31.83099	19916.45	5921.943	7.406619	1082.254	34	0.6339603	11.03126	0.1896135	2	37.91517	-79.83977	880.1485	0.03880484	-0.11358	119166.5	119166.5	-0.2126073	283.8292	84.37333	282.8988	1012.48	70.62682	447.0452	
2008	4	2	1	3	4	551.7827	4	1	1927	1929	2012	2	2	5	2	21	1	1	1	1	81	0.5506026	551.7827	29240.71	1	18.8349	26031.39	15442.28	23.93389	640.3868	34	0.4902988	25.98709	0.1099695	3	38.31877	-79.2409	952.3546	0.006178378	0.287183	106064	106064	-0.2126073	281.9646	75.57417	283.4038	906.89	292.4071	642.8993	
2008	4	2	1	3	5	178.1681	5	1	1938	1942	2012	2	1	6	4	23	1	1	2	1	70	0.1506329	178.1681	7999.622	1	18.8349	26031.39	15442.28	23.93389	640.3868	34	0.4902988	25.98709	0.03008525	3	38.31877	-79.2409	952.3546	0.006178378	0.287183	106064	106064	-0.2126073	281.9646	75.57417	283.4038	906.89	79.99622	92.23122	
2008	5	2	2	2	6	13.36308	6	2	1929	1930	2012	2	1	7	1	28	1	1	3	1	79	0.04360634	13.36308	1973.137	1	22.10485	20872.51	11534.7	21.74788	707.3553	32	0.4613837	24.85143	0.01015508	4	38.31543	-79.22434	837.3021	0.01256754	0.06980967	105240.2	105240.2	-0.2126073	281.7736	73.33583	283.6088	880.03	19.73137	6.559548	
2008	6	2	2	3	7	29.45298	7	2	1918	1919	2012	2	1	6	1	48	1	1	3	1	90	0.08275523	29.45298	2599.913	1	31.83099	5577.625	3288.432	10.46708	636.6198	20	0.1775413	11.32103	0.03456898	4	38.31529	-79.22547	843.7128	0.01308778	0.1314863	105698.6	105698.6	-0.2126073	281.7851	73.33583	283.6088	880.03	25.99913	85.28229	
2008	7	2	3	3	8	18.34557	8	1	1933	1935	2011	2	2	2	2	1	1	1	3	1	75	0.1091084	18.34557	2193.575	1	49.73592	6123.453	5311.703	11.07162	1094.19	22	0.3045555	16.32777	0.0153447	5	38.32188	-79.22275	717.661	1.240813	-0.1189929	95529.51	95529.51	-0.2126073	281.4328	73.33583	283.6088	880.03	21.93575	46.1048	
2008	8	3	2	3	9	48.42074	9	2	1911	1912	2012	2	2	1	1	33	1	1	2	1	97	0.2327508	48.42074	7312.308	1	31.83099	8074.685	8411.037	13.30634	891.2677	28	0.2570252	20.02419	0.09672999	6	36.7567	-81.30802	1151.468	0.0226561	-0.01868551	94878.68	94878.68	-0.2126073	278.9551	80.1325	282.5379	961.59	73.12308	72.21971	
2008	9	4	1	2	10	554.2216	10	2	1953	1954	2012	1	2	3	1	36	1	1	2	1	55	0.4193978	554.2216	13176.18	1	31.83099	12001.94	9573.593	22.90005	1018.592	32	0.3820335	28.45957	0.1425976	7	37.71701	-80.1116	885.8552	0.0074163	0.2365007	99339.93	99339.93	-0.2126073	281.9431	76.79583	283.5417	921.55	131.7618	388.8483	
2008	10	4	3	1	11	69.47758	11	1	1946	1948	2012	2	1	9	2	1	1	1	3	1	62	0.1208092	69.47758	3795.45	1	31.83099	11826.04	9304.411	22.71994	891.2677	28	0.3764347	30.00317	0.02309501	8	37.72533	-80.1077	666.932	0.3427531	-0.2145659	96596.13	96596.13	-0.2126073	282.2811	76.79583	283.5417	921.55	37.9545	38.44853	
2009	1	1	2	1	1	153.0342	1	2	1940	1941	2012	2	1	8	1	37	1	1	3	1	69	0.2042236	153.0342	6416.072	1	31.83099	16996.76	7862.526	20.19485	827.6057	26	0.5410238	22.19576	0.08259657	1	37.91899	-79.84276	994.1304	0.03211271	0.02124307	119858.1	119858.1	-0.3250022	283.2941	113.0683	282.7754	1356.82	64.16072	196.9541	
2009	2	1	3	2	2	222.0786	2	2	1941	1943	2012	2	2	4	2	32	1	1	3	1	68	0.2074969	222.0786	6518.909	1	31.83099	10187.14	7665.739	18.68158	986.7606	31	0.3242668	20.89019	0.09631039	2	37.91423	-79.8396	866.7018	0.03820643	-0.1361153	118509.7	118509.7	-0.3250022	283.5733	113.0683	282.7754	1356.82	65.18909	224.9717	
2009	3	1	3	3	3	566.1452	3	2	1934	1935	2012	2	1	10	1	3	1	1	2	1	75	0.2428256	566.1452	7628.828	1	31.83099	16943.06	6138.926	7.830332	1082.254	34	0.5393143	11.57058	0.1963348	2	37.91517	-79.83977	880.1485	0.03880484	-0.11358	119166.5	119166.5	-0.3250022	283.7209	113.0683	282.7754	1356.82	76.28828	488.4711	
2009	4	2	1	3	4	510.5789	4	1	1927	1929	2012	2	2	5	2	21	1	1	1	1	82	0.5602168	510.5789	29751.29	1	18.8349	24548.13	15692.43	24.34417	640.3868	34	0.4623617	26.44945	0.1103978	3	38.31877	-79.2409	952.3546	0.006178378	0.287183	106064	106064	-0.3250022	281.8331	93.885	282.9958	1126.62	297.5129	636.0105	
2009	4	2	1	3	5	93.8667	5	1	1938	1942	2012	2	1	6	4	23	1	1	2	1	71	0.1524004	93.8667	8093.489	1	18.8349	24548.13	15692.43	24.34417	640.3868	34	0.4623617	26.44945	0.03003243	3	38.31877	-79.2409	952.3546	0.006178378	0.287183	106064	106064	-0.3250022	281.8331	93.885	282.9958	1126.62	80.93489	90.80968	
2009	5	2	2	2	6	20.12002	6	2	1929	1930	2012	2	1	7	1	28	1	1	3	1	80	0.04405099	20.12002	1993.257	1	22.10485	20858.51	11731.48	22.15425	707.3553	32	0.4610743	25.3125	0.01013019	4	38.31543	-79.22434	837.3021	0.01256754	0.06980967	105240.2	105240.2	-0.3250022	281.6389	92.2825	283.1913	1107.39	19.93257	6.416849	
2009	6	2	2	3	7	41.10405	7	2	1918	1919	2012	2	1	6	1	48	1	1	3	1	91	0.08406357	41.10405	2641.017	1	31.83099	6790.4	3356.336	10.68322	636.6198	20	0.2161451	11.53717	0.03488913	4	38.31529	-79.22547	843.7128	0.01308778	0.1314863	105698.6	105698.6	-0.3250022	281.651	92.2825	283.1913	1107.39	26.41017	84.48971	
2009	7	2	3	3	8	11.39149	8	1	1933	1935	2011	2	2	2	2	1	1	1	3	1	76	0.109675	11.39149	2204.967	1	49.73592	6276.197	5394.905	11.22876	1094.19	22	0.3121524	16.63993	0.01528286	5	38.32188	-79.22275	717.661	1.240813	-0.1189929	95529.51	95529.51	-0.3250022	281.2899	92.2825	283.1913	1107.39	22.04967	44.67999	
2009	8	3	2	3	9	75.97942	9	2	1911	1912	2012	2	2	1	1	33	1	1	2	1	98	0.2351692	75.97942	7388.288	1	31.83099	9094.01	8510.854	13.45978	891.2677	28	0.2894713	20.31366	0.09618289	6	36.7567	-81.30802	1151.468	0.0226561	-0.01868551	94878.68	94878.68	-0.3250022	278.8063	116.3517	282.3746	1396.22	73.88288	57.01696	
2009	9	4	1	2	10	536.2478	10	2	1953	1954	2012	1	2	3	1	36	1	1	2	1	56	0.4364666	536.2478	13712.43	1	31.83099	9890.543	9700.077	23.13838	1018.592	32	0.3148258	28.7744	0.1473868	7	37.71701	-80.1116	885.8552	0.0074163	0.2365007	99339.93	99339.93	-0.3250022	281.8068	108.55	283.5188	1302.6	137.1243	399.7612	
2009	10	4	3	1	11	89.40274	11	1	1946	1948	2012	2	1	9	2	1	1	1	3	1	63	0.1236549	89.40274	3884.853	1	31.83099	8449.431	9386.375	22.91923	891.2677	28	0.2689537	30.27212	0.02342481	8	37.72533	-80.1077	666.932	0.3427531	-0.2145659	96596.13	96596.13	-0.3250022	282.1423	108.55	283.5188	1302.6	38.84853	39.36298	
2010	1	1	2	1	1	119.5957	1	2	1940	1941	2012	2	1	8	1	37	1	1	3	1	70	0.2080303	119.5957	6535.668	1	31.83099	14000.34	8006.55	20.59168	827.6057	26	0.4456446	22.64141	0.08186416	1	37.91899	-79.84276	994.1304	0.03211271	0.02124307	119858.1	119858.1	-0.03439172	283.5257	81.76333	282.9446	981.16	65.35668	198.89	
2010	2	1	3	2	2	252.557	2	2	1941	1943	2012	2	2	4	2	32	1	1	3	1	69	0.2155358	252.557	6771.466	1	31.83099	10387.84	7796.629	18.95446	986.7606	31	0.3306552	21.22084	0.09887019	2	37.91423	-79.8396	866.7018	0.03820643	-0.1361153	118509.7	118509.7	-0.03439172	283.8164	81.76333	282.9446	981.16	67.71466	230.0415	
2010	3	1	3	3	3	243.5403	3	2	1934	1935	2012	2	1	10	1	3	1	1	2	1	76	0.2505775	243.5403	7872.368	1	31.83099	14243.25	6328.064	8.165413	1082.254	34	0.4533766	12.02396	0.1919947	2	37.91517	-79.83977	880.1485	0.03880484	-0.11358	119166.5	119166.5	-0.03439172	283.9599	81.76333	282.9446	981.16	78.72368	493.2027	
2010	4	2	1	3	4	658.3584	4	1	1927	1929	2012	2	2	5	2	21	1	1	1	1	83	0.5726137	658.3584	30409.65	1	18.8349	21984.04	15916.6	24.70556	640.3868	34	0.4140672	26.86352	0.1106198	3	38.31877	-79.2409	952.3546	0.006178378	0.287183	106064	106064	-0.03439172	282.136	67.63083	283.4096	811.57	304.0965	686.3732	
2010	4	2	1	3	5	52.01472	5	1	1938	1942	2012	2	1	6	4	23	1	1	2	1	72	0.1533798	52.01472	8145.503	1	18.8349	21984.04	15916.6	24.70556	640.3868	34	0.4140672	26.86352	0.02963052	3	38.31877	-79.2409	952.3546	0.006178378	0.287183	106064	106064	-0.03439172	282.136	67.63083	283.4096	811.57	81.45503	95.83644	
2010	5	2	2	2	6	25.27725	6	2	1929	1930	2012	2	1	7	1	28	1	1	3	1	81	0.04460962	25.27725	2018.535	1	22.10485	17578.21	11902.92	22.50462	707.3553	32	0.3885637	25.70107	0.01008633	4	38.31543	-79.22434	837.3021	0.01256754	0.06980967	105240.2	105240.2	-0.03439172	281.9511	65.14833	283.6696	781.78	20.18535	6.922851	
2010	6	2	2	3	7	70.44637	7	2	1918	1919	2012	2	1	6	1	48	1	1	3	1	92	0.08630588	70.44637	2711.463	1	31.83099	13184.42	3488.18	11.10288	636.6198	20	0.4196733	11.95684	0.03542804	4	38.31529	-79.22547	843.7128	0.01308778	0.1314863	105698.6	105698.6	-0.03439172	281.9616	65.14833	283.6696	781.78	27.11463	93.39364	
2010	7	2	3	3	8	8.780751	8	1	1933	1935	2011	2	2	2	2	1	1	1	3	1	77	0.1101118	8.780751	2213.748	1	49.73592	6170.212	5476.526	11.37804	1094.19	22	0.3068812	16.94681	0.01520797	5	38.32188	-79.22275	717.661	1.240813	-0.1189929	95529.51	95529.51	-0.03439172	281.5893	65.14833	283.6696	781.78	22.13748	48.28355	
2010	8	3	2	3	9	77.90357	9	2	1911	1912	2012	2	2	1	1	33	1	1	2	1	99	0.2376489	77.90357	7466.191	1	31.83099	9389.001	8613.099	13.62095	891.2677	28	0.2988612	20.61252	0.09564129	6	36.7567	-81.30802	1151.468	0.0226561	-0.01868551	94878.68	94878.68	-0.03439172	279.1257	85.59167	282.3996	1027.1	74.66191	61.69006	
2010	9	4	1	2	10	336.9591	10	2	1953	1954	2012	1	2	3	1	36	1	1	2	1	57	0.447192	336.9591	14049.39	1	31.83099	11000.87	9837.143	23.41038	1018.592	32	0.3501686	29.12457	0.149718	7	37.71701	-80.1116	885.8552	0.0074163	0.2365007	99339.93	99339.93	-0.03439172	282.1136	78.93917	283.6133	947.27	140.4939	436.6426	
2010	10	4	3	1	11	34.20723	11	1	1946	1948	2012	2	1	9	2	1	1	1	3	1	64	0.1247437	34.20723	3919.06	1	31.83099	10048.68	9484.136	23.1688	891.2677	28	0.3198595	30.59198	0.0232006	8	37.72533	-80.1077	666.932	0.3427531	-0.2145659	96596.13	96596.13	-0.03439172	282.4218	78.93917	283.6133	947.27	39.1906	40.9701	
2011	1	1	2	1	1	108.8345	1	2	1940	1941	2012	2	1	8	1	37	1	1	3	1	71	0.2114945	108.8345	6644.503	1	31.83099	13827.15	8148.647	20.98237	827.6057	26	0.4401318	23.08154	0.08082372	1	37.91899	-79.84276	994.1304	0.03211271	0.02124307	119858.1	119858.1	0.590676	284.1974	93.4925	283.6442	1121.91	66.44503	200.7274	
2011	2	1	3	2	2	319.4887	2	2	1941	1943	2012	2	2	4	2	32	1	1	3	1	70	0.2257051	319.4887	7090.955	1	31.83099	10246.42	7925.649	19.22139	986.7606	31	0.3261537	21.547	0.1026222	2	37.91423	-79.8396	866.7018	0.03820643	-0.1361153	118509.7	118509.7	0.590676	284.4817	93.4925	283.6442	1121.91	70.90955	237.9391	
2011	3	1	3	3	3	307.5541	3	2	1934	1935	2012	2	1	10	1	3	1	1	2	1	77	0.2603669	307.5541	8179.922	1	31.83099	14201.9	6515.942	8.496481	1082.254	34	0.4520605	12.47602	0.1926562	2	37.91517	-79.83977	880.1485	0.03880484	-0.11358	119166.5	119166.5	0.590676	284.6172	93.4925	283.6442	1121.91	81.79922	492.9951	
2011	4	2	1	3	4	703.2945	4	1	1927	1929	2012	2	2	5	2	21	1	1	1	1	84	0.5858568	703.2945	31112.95	1	18.8349	25309.11	16173.7	25.12894	640.3868	34	0.4766946	27.34021	0.110823	3	38.31877	-79.2409	952.3546	0.006178378	0.287183	106064	106064	0.590676	282.8634	94.88333	284.0654	1138.6	311.1295	801.7701	
2011	4	2	1	3	5	58.70883	5	1	1938	1942	2012	2	1	6	4	23	1	1	2	1	73	0.1544853	58.70883	8204.212	1	18.8349	25309.11	16173.7	25.12894	640.3868	34	0.4766946	27.34021	0.02922306	3	38.31877	-79.2409	952.3546	0.006178378	0.287183	106064	106064	0.590676	282.8634	94.88333	284.0654	1138.6	82.04212	109.46	
2011	5	2	2	2	6	17.77819	6	2	1929	1930	2012	2	1	7	1	28	1	1	3	1	82	0.04500252	17.77819	2036.313	1	22.10485	18930.65	12087.76	22.8846	707.3553	32	0.4184592	26.11953	0.009991156	4	38.31543	-79.22434	837.3021	0.01256754	0.06980967	105240.2	105240.2	0.590676	282.6638	92.7725	284.2929	1113.27	20.36313	8.041099	
2011	6	2	2	3	7	117.6212	7	2	1918	1919	2012	2	1	6	1	48	1	1	3	1	93	0.09004976	117.6212	2829.085	1	31.83099	15311.02	3641.29	11.59023	636.6198	20	0.487365	12.44421	0.03665065	4	38.31529	-79.22547	843.7128	0.01308778	0.1314863	105698.6	105698.6	0.590676	282.6757	92.7725	284.2929	1113.27	28.29085	114.9506	
2011	7	2	3	3	8	4.396266	8	1	1933	1935	2011	2	2	2	2	1	1	1	3	1	78	0.1103305	4.396266	2218.144	1	49.73592	6598.936	5561.913	11.54604	1094.19	22	0.3282042	17.27501	0.01507535	5	38.32188	-79.22275	717.661	1.240813	-0.1189929	95529.51	95529.51	0.590676	282.2494	92.7725	284.2929	1113.27	22.18144	57.80099	
2011	8	3	2	3	9	66.00086	9	2	1911	1912	2012	2	2	1	1	33	1	1	2	1	100	0.2397497	66.00086	7532.192	1	31.83099	7824.515	8699.178	13.73067	891.2677	28	0.2490621	20.86158	0.09542248	6	36.7567	-81.30802	1151.468	0.0226561	-0.01868551	94878.68	94878.68	0.590676	279.8583	106.0725	283.1875	1272.87	75.32192	91.36001	
2011	9	4	1	2	10	276.2999	10	2	1953	1954	2012	1	2	3	1	36	1	1	2	1	58	0.4559866	276.2999	14325.69	1	31.83099	12012.96	9983.808	23.71294	1018.592	32	0.3823843	29.50695	0.1509341	7	37.71701	-80.1116	885.8552	0.0074163	0.2365007	99339.93	99339.93	0.590676	282.8182	94.7875	284.4925	1137.45	143.2569	508.5425	
2011	10	4	3	1	11	29.76062	11	1	1946	1948	2012	2	1	9	2	1	1	1	3	1	65	0.125691	29.76062	3948.821	1	31.83099	10933.64	9590.551	23.44592	891.2677	28	0.3480286	30.94001	0.02301725	8	37.72533	-80.1077	666.932	0.3427531	-0.2145659	96596.13	96596.13	0.590676	283.0889	94.7875	284.4925	1137.45	39.48821	45.29691	

Likelihood History
Iteration	Temperature	Likelihood
0	3	-1403.755	
1000	3	-1403.755	
2000	2.85	-1403.755	
3000	2.85	-1403.755	
4000	2.7075	-1403.755	
5000	2.7075	-1403.755	
5392.688	2.7075	-1403.536	
6000	2.572125	-1403.536	
7000	2.572125	-1403.536	
8000	2.443519	-1403.536	
9000	2.443519	-1403.536	
10000	2.321343	-1403.536	
11000	2.321343	-1403.536	
12000	2.205276	-1403.536	
13000	2.205276	-1403.536	
13509.81	2.205276	-1403.492	
14000	2.095012	-1403.492	
15000	2.095012	-1403.492	
16000	1.990261	-1403.492	
17000	1.990261	-1403.492	
18000	1.890748	-1403.492	
19000	1.890748	-1403.492	
20000	1.796211	-1403.492	
21000	1.796211	-1403.492	
22000	1.7064	-1403.492	
23000	1.7064	-1403.492	
24000	1.62108	-1403.492	
25000	1.62108	-1403.492	
26000	1.540026	-1403.492	
27000	1.540026	-1403.492	
28000	1.463025	-1403.492	
29000	1.463025	-1403.492	
30000	1.389874	-1403.492	
31000	1.389874	-1403.492	
32000	1.32038	-1403.492	
33000	1.32038	-1403.492	
34000	1.254361	-1403.492	
35000	1.254361	-1403.492	
36000	1.191643	-1403.492	
37000	1.191643	-1403.492	
38000	1.132061	-1403.492	
39000	1.132061	-1403.492	
40000	1.075458	-1403.492	
41000	1.075458	-1403.492	
42000	1.021685	-1403.492	
43000	1.021685	-1403.492	
44000	0.9706006	-1403.492	
45000	0.9706006	-1403.492	
46000	0.9220706	-1403.492	
47000	0.9220706	-1403.492	
48000	0.8759671	-1403.492	
49000	0.8759671	-1403.492	
50000	0.8321687	-1403.492	
51000	0.8321687	-1403.492	
52000	0.7905603	-1403.492	
53000	0.7905603	-1403.492	
54000	0.7510323	-1403.492	
55000	0.7510323	-1403.492	
56000	0.7134807	-1403.492	
57000	0.7134807	-1403.492	
58000	0.6778066	-1403.492	
59000	0.6778066	-1403.492	
60000	0.6439163	-1403.492	
61000	0.6439163	-1403.492	
62000	0.6117205	-1403.492	
63000	0.6117205	-1403.492	
64000	0.5811345	-1403.492	
65000	0.5811345	-1403.492	
66000	0.5520777	-1403.492	
67000	0.5520777	-1403.492	
68000	0.5244738	-1403.492	
69000	0.5244738	-1403.492	
70000	0.4982502	-1403.492	
71000	0.4982502	-1403.492	
72000	0.4733376	-1403.492	
73000	0.4733376	-1403.492	
74000	0.4496708	-1403.492	
75000	0.4496708	-1403.492	
76000	0.4271872	-1403.492	
77000	0.4271872	-1403.492	
78000	0.4058279	-1403.492	
79000	0.4058279	-1403.492	
80000	0.3855365	-1403.492	
81000	0.3855365	-1403.492	
82000	0.3662596	-1403.492	
83000	0.3662596	-1403.492	
84000	0.3479467	-1403.492	
85000	0.3479467	-1403.492	
86000	0.3305493	-1403.492	
87000	0.3305493	-1403.492	
88000	0.3140219	-1403.492	
89000	0.3140219	-1403.492	
90000	0.2983208	-1403.492	
91000	0.2983208	-1403.492	
92000	0.2834047	-1403.492	
93000	0.2834047	-1403.492	
94000	0.2692345	-1403.492	
95000	0.2692345	-1403.492	
96000	0.2557728	-1403.492	
97000	0.2557728	-1403.492	
98000	0.2429841	-1403.492	
99000	0.2429841	-1403.492	
1e+05	0.2308349	-1403.492	
