Note: [none]
Total # of Iterations:	1e+05	
Sample size:	173	
Maximum likelihood:	# Parameters:	AIC corr:	AIC:	Slope:	R2:
-1196.509	16	2428.506	2425.018	1.000467	0.8773504	
Model:	overall.model
PDF:	dnorm
Support interval range:	1.92

Varying parameters:
Label	MLE	Lower S.I.	Upper S.I.	Std Err	Lower Bound	Upper Bound	Final step size
aa	0.9299298	0.9299298	0.9299298	N/A	0	1	0.005283977	
ab	0.0001404305	0.0001306004	0.0001504305	N/A	0	1000	9.025008e-06	
gmax	9361.634	9080.785	9736.099	N/A	0	10000	798.915	
ca	4.223065	3.082837	6.744689	N/A	0	2000	507.9365	
cb	999.1505	749.3629	1000	N/A	0	1000	1000	
cc	3.5411	3.434867	3.718155	N/A	0	5	0.1044982	
cd	2.734101	0	5	N/A	0	5	0.0003178229	
ce	814.3283	0	1000	N/A	0	1000	5.516169e-16	
cf	295.0111	-100	2000	N/A	-100	2000	2100	
cg	350.3588	-1000	1000	N/A	-1000	1000	2000	
ta1	286.7844	286.7844	286.7844	N/A	250	325	75	
tb1	12.79626	10.10905	19.28252	N/A	0	500	3.072702	
pa1	1145.426	1092.155	1179.789	N/A	100	5000	23.45262	
pb1	422.2853	367.3883	507.3528	N/A	0	10000	57.55525	
pc1	0.0003300321	0	0.4656296	N/A	0	1	1	
sd	242.562	220.7394	269.8389	N/A	0.1	1000	25.29138	

Non-varying parameters:
Label	Value
SIZE	BA.tree.cm2	
BA.PLOT	BA.m2ha.plot.live	
RS	RelBA	
TEMP	Tavg	
PRECIP	Precip.PRISM.sum	
FLOW	flow	
x	BAI	
mean	predicted	
log	TRUE	


Annealing regime:
Initial temp	Rt	ns	nt
3	0.95	20	100

Variance - Covariance Matrix:
[could not be calculated - Hessian matrix is singular]

Source data
Year	PlotID	Site	Trans	Plot	TreeID	BAI	CoreID	Pith	Pith.Yr	Inner	Outer	Bark	Use	Notes	Pith.offset	Tree	Spp	Genus	Canopy	Live	Age	BA.m2ha	BAI.filled	BA.tree	Stems	Density.Ha	BAI.filled.plot	BA.plot	BA.m2ha.plot	Density.ha.plot	Stems.plot	BAI.m2ha.plot	BA.m2ha.plot.live	RelBA	Site.Trans	Latitude	Longitude	elev	flow	TPI	sol	sol.lag	Anomaly	Tavg	Precip.PRISM	Tavg.PRISM	Precip.PRISM.sum	BA.tree.cm2	predicted	
1990	1	1	2	2	1	2117.7	1	1	1845	1865	2012	1	2	6	20	37	1	1	2	1	145	3.357605	2117.7	105485.5	1	31.83099	15444.8	8514.444	15.12022	1145.916	36	0.4916232	23.89591	1	1	37.91985	-79.84246	997.5121	0.03488264	-0.09616352	119731.7	119731.7	1.121213	284.8461	106.185	284.2363	1274.22	1054.855	1750.109	
1990	2	1	3	4	2	27.6834	2	1	1932	1934	2009	1	2	4	2	37	1	1	3	1	58	0.1986553	27.6834	6241.133	1	31.83099	8260.265	4764.966	14.20284	859.4367	27	0.2629324	14.50827	0.1417839	2	37.91554	-79.83873	868.6189	0.04166063	-0.09718033	118333.4	118333.4	1.121213	285.1174	106.185	284.2363	1274.22	62.41133	144.1505	
1990	3	2	1	1	3	1309.061	3	1	1908	1912	2012	1	2	3	4	13	1	1	1	1	82	1.456017	1309.061	45743.55	1	31.83099	13273.36	6974.387	21.22882	509.2958	16	0.422504	21.24357	0.4155511	3	38.31762	-79.23926	941.822	0.008083133	0.1976616	110253.2	110253.2	1.121213	284.0294	91.94583	284.5813	1103.35	457.4355	1164.39	
1990	4	3	2	1	4	475.8727	4	1	1910	1912	2012	1	2	2	2	31	1	1	1	1	80	0.3580012	475.8727	11247.29	1	31.83099	9284.385	6627.148	10.75066	1018.592	32	0.2955312	15.60742	0.1710809	4	36.7579	-81.3064	1114.838	0.0279629	-0.07959976	94858.18	94858.18	1.121213	280.567	121.6092	283.7846	1459.31	112.4729	288.4168	
1990	5	3	3	1	5	118.6567	5	2	1913	1914	2012	1	2	1	1	25	1	1	1	1	77	0.3374473	118.6567	10601.55	1	31.83099	14944.91	11508.95	14.96156	1336.902	42	0.4757112	21.01574	0.1415791	5	36.76212	-81.30692	1000.51	0.07691931	-0.1967007	100591.1	100591.1	1.121213	282.4077	121.6092	283.7846	1459.31	106.0155	115.8868	
1990	6	4	1	1	6	66.95716	6	1	1955	1958	2012	1	1	7	3	18	1	1	4	1	35	0.07543601	66.95716	2369.966	1	31.83099	10745.35	8342.988	19.368	668.4508	21	0.342035	25.84046	0.01096733	6	37.71746	-80.1106	877.0418	0.007794109	0.1819402	98238.87	98238.87	1.121213	283.1327	95.4	285.0387	1144.8	23.69966	9.640455	
1990	7	4	2	2	7	124.1656	7	2	1953	1954	2012	1	1	7	1	6	1	1	4	1	37	0.1302103	124.1656	4090.803	1	31.83099	8417.379	5921.791	7.755252	763.9437	24	0.2679335	15.29441	0.05883342	7	37.72218	-80.10972	744.2226	0.2248697	-0.1103151	90798.42	90798.42	1.121213	282.0566	95.4	285.0387	1144.8	40.90803	11.58332	
1990	7	4	2	2	8	1016.054	8	1	1908	1911	2012	1	2	5	3	14	1	1	1	1	82	1.578313	1016.054	49585.7	1	31.83099	8417.379	5921.791	7.755252	763.9437	24	0.2679335	15.29441	0.7131354	7	37.72218	-80.10972	744.2226	0.2248697	-0.1103151	90798.42	90798.42	1.121213	282.0566	95.4	285.0387	1144.8	495.857	1159.638	
1991	1	1	2	2	1	952.781	1	1	1845	1865	2012	1	2	6	20	37	1	1	2	1	146	3.387932	952.781	106438.3	1	31.83099	12924.87	8662.247	15.4106	1177.747	37	0.4114115	24.30732	1	1	37.91985	-79.84246	997.5121	0.03488264	-0.09616352	119731.7	119731.7	0.9304098	284.5958	94.905	283.835	1138.86	1064.383	1837.346	
1991	2	1	3	4	2	38.5336	2	1	1932	1934	2009	1	2	4	2	37	1	1	3	1	59	0.1998818	38.5336	6279.667	1	31.83099	6952.564	4844.335	14.41441	859.4367	27	0.221307	14.72957	0.1399357	2	37.91554	-79.83873	868.6189	0.04166063	-0.09718033	118333.4	118333.4	0.9304098	284.8758	94.905	283.835	1138.86	62.79667	140.2074	
1991	3	2	1	1	3	1674.167	3	1	1908	1912	2012	1	2	3	4	13	1	1	1	1	83	1.509306	1674.167	47417.72	1	31.83099	16375.41	7147.963	21.74024	509.2958	16	0.5212454	21.76481	0.425332	3	38.31762	-79.23926	941.822	0.008083133	0.1976616	110253.2	110253.2	0.9304098	283.7996	81.07417	284.4058	972.89	474.1772	1089.316	
1991	4	3	2	1	4	294.1297	4	1	1910	1912	2012	1	2	2	2	31	1	1	1	1	81	0.3673634	294.1297	11541.42	1	31.83099	9925.443	6757.79	10.96115	1018.592	32	0.3159367	15.92335	0.1732627	4	36.7579	-81.3064	1114.838	0.0279629	-0.07959976	94858.18	94858.18	0.9304098	280.3781	103.3292	283.3625	1239.95	115.4142	389.5132	
1991	5	3	3	1	5	137.9989	5	2	1913	1914	2012	1	2	1	1	25	1	1	1	1	78	0.3418399	137.9989	10739.55	1	31.83099	16337.9	11738.57	15.2612	1336.902	42	0.5200516	21.5358	0.1413808	5	36.76212	-81.30692	1000.51	0.07691931	-0.1967007	100591.1	100591.1	0.9304098	282.1799	103.3292	283.3625	1239.95	107.3955	147.2329	
1991	6	4	1	1	6	18.00447	6	1	1955	1958	2012	1	1	7	3	18	1	1	4	1	36	0.07600909	18.00447	2387.97	1	31.83099	11241.56	8445.496	19.65322	668.4508	21	0.35783	26.19829	0.01093649	6	37.71746	-80.1106	877.0418	0.007794109	0.1819402	98238.87	98238.87	0.9304098	282.9432	87.6725	284.6058	1052.07	23.8797	9.370001	
1991	7	4	2	2	7	48.05404	7	2	1953	1954	2012	1	1	7	1	6	1	1	4	1	38	0.1317398	48.05404	4138.857	1	31.83099	8198.752	6001.639	7.90416	795.7747	25	0.2609744	15.55539	0.05884553	7	37.72218	-80.10972	744.2226	0.2248697	-0.1103151	90798.42	90798.42	0.9304098	281.8882	87.6725	284.6058	1052.07	41.38857	11.25913	
1991	7	4	2	2	8	1079.616	8	1	1908	1911	2012	1	2	5	3	14	1	1	1	1	83	1.612677	1079.616	50665.32	1	31.83099	8198.752	6001.639	7.90416	795.7747	25	0.2609744	15.55539	0.7203504	7	37.72218	-80.10972	744.2226	0.2248697	-0.1103151	90798.42	90798.42	0.9304098	281.8882	87.6725	284.6058	1052.07	506.6532	1137.262	
1992	1	1	2	2	1	1380.936	1	1	1845	1865	2012	1	2	6	20	37	1	1	2	1	147	3.431887	1380.936	107819.3	1	31.83099	13835.75	8820.072	15.72815	1177.747	37	0.4404056	24.74772	1	1	37.91985	-79.84246	997.5121	0.03488264	-0.09616352	119731.7	119731.7	-0.4797465	283.1982	99.13417	282.5875	1189.61	1078.193	1796.93	
1992	2	1	3	4	2	37.08462	2	1	1932	1934	2009	1	2	4	2	37	1	1	3	1	60	0.2010622	37.08462	6316.751	1	31.83099	6488.034	4918.928	14.61077	859.4367	27	0.2065205	14.93609	0.1378819	2	37.91554	-79.83873	868.6189	0.04166063	-0.09718033	118333.4	118333.4	-0.4797465	283.4731	99.13417	282.5875	1189.61	63.16751	125.8337	
1992	3	2	1	1	3	1169.307	3	1	1908	1912	2012	1	2	3	4	13	1	1	1	1	84	1.546525	1169.307	48587.02	1	31.83099	12818.6	7285.841	22.13804	509.2958	16	0.4080287	22.17284	0.4300207	3	38.31762	-79.23926	941.822	0.008083133	0.1976616	110253.2	110253.2	-0.4797465	282.2796	83.17667	282.935	998.12	485.8702	1087.992	
1992	4	3	2	1	4	246.5692	4	1	1910	1912	2012	1	2	2	2	31	1	1	1	1	82	0.3752117	246.5692	11787.99	1	31.83099	8972.952	6878.556	11.14021	1018.592	32	0.2856179	16.20897	0.1747599	4	36.7579	-81.3064	1114.838	0.0279629	-0.07959976	94858.18	94858.18	-0.4797465	278.8148	125.2808	281.9021	1503.37	117.8799	270.3835	
1992	5	3	3	1	5	148.2724	5	2	1913	1914	2012	1	2	1	1	25	1	1	1	1	79	0.3465594	148.2724	10887.82	1	31.83099	16233.17	11965.81	15.5533	1336.902	42	0.516718	22.05251	0.1414742	5	36.76212	-81.30692	1000.51	0.07691931	-0.1967007	100591.1	100591.1	-0.4797465	280.6434	125.2808	281.9021	1503.37	108.8782	100.811	
1992	6	4	1	1	6	47.10567	6	1	1955	1958	2012	1	1	7	3	18	1	1	4	1	37	0.07750846	47.10567	2435.076	1	31.83099	12388.87	8559.347	19.97454	668.4508	21	0.39435	26.59264	0.01103928	6	37.71746	-80.1106	877.0418	0.007794109	0.1819402	98238.87	98238.87	-0.4797465	281.4227	88.04417	283.4813	1056.53	24.35076	9.006249	
1992	7	4	2	2	7	94.52424	7	2	1953	1954	2012	1	1	7	1	6	1	1	4	1	39	0.1347485	94.52424	4233.382	1	31.83099	8017.826	6084.985	8.046245	795.7747	25	0.2552153	15.8106	0.05971038	7	37.72218	-80.10972	744.2226	0.2248697	-0.1103151	90798.42	90798.42	-0.4797465	280.4665	88.04417	283.4813	1056.53	42.33382	10.86784	
1992	7	4	2	2	8	1132.23	8	1	1908	1911	2012	1	2	5	3	14	1	1	1	1	84	1.648716	1132.23	51797.55	1	31.83099	8017.826	6084.985	8.046245	795.7747	25	0.2552153	15.8106	0.7305865	7	37.72218	-80.10972	744.2226	0.2248697	-0.1103151	90798.42	90798.42	-0.4797465	280.4665	88.04417	283.4813	1056.53	517.9755	1096.847	
1993	1	1	2	2	1	1797.804	1	1	1845	1865	2012	1	2	6	20	37	1	1	2	1	148	3.489111	1797.804	109617.1	1	31.83099	13695.06	8975.904	16.03935	1177.747	37	0.4359273	25.18365	1	1	37.91985	-79.84246	997.5121	0.03488264	-0.09616352	119731.7	119731.7	-0.1483372	283.479	105.35	282.9688	1264.2	1096.171	1764.544	
1993	2	1	3	4	2	58.90235	2	1	1932	1934	2009	1	2	4	2	37	1	1	3	1	61	0.2029371	58.90235	6375.654	1	31.83099	6988.632	4998.397	14.82265	859.4367	27	0.2224551	15.15855	0.1363732	2	37.91554	-79.83873	868.6189	0.04166063	-0.09718033	118333.4	118333.4	-0.1483372	283.7631	105.35	282.9688	1264.2	63.75654	115.2851	
1993	3	2	1	1	3	908.0399	3	1	1908	1912	2012	1	2	3	4	13	1	1	1	1	85	1.575428	908.0399	49495.06	1	31.83099	12907.56	7424.478	22.53825	509.2958	16	0.4108605	22.5837	0.4324267	3	38.31762	-79.23926	941.822	0.008083133	0.1976616	110253.2	110253.2	-0.1483372	282.6022	86.07083	283.0692	1032.85	494.9506	1134.949	
1993	4	3	2	1	4	302.758	4	1	1910	1912	2012	1	2	2	2	31	1	1	1	1	83	0.3848485	302.758	12090.75	1	31.83099	9338.698	7005.788	11.32883	1050.423	33	0.29726	16.50623	0.1771468	4	36.7579	-81.3064	1114.838	0.0279629	-0.07959976	94858.18	94858.18	-0.1483372	279.1953	105.3667	282.1475	1264.4	120.9075	400.8185	
1993	5	3	3	1	5	175.8049	5	2	1913	1914	2012	1	2	1	1	25	1	1	1	1	80	0.3521552	175.8049	11063.63	1	31.83099	16874.69	12198.06	15.86132	1336.902	42	0.537138	22.58965	0.1415392	5	36.76212	-81.30692	1000.51	0.07691931	-0.1967007	100591.1	100591.1	-0.1483372	280.9821	105.3667	282.1475	1264.4	110.6363	141.2343	
1993	6	4	1	1	6	25.54052	6	1	1955	1958	2012	1	1	7	3	18	1	1	4	1	38	0.07832142	25.54052	2460.616	1	31.83099	11815.37	8667.333	20.27719	668.4508	21	0.3760949	26.96873	0.01103393	6	37.71746	-80.1106	877.0418	0.007794109	0.1819402	98238.87	98238.87	-0.1483372	281.7915	91.95917	283.7754	1103.51	24.60616	9.274443	
1993	7	4	2	2	7	95.52955	7	2	1953	1954	2012	1	1	7	1	6	1	1	4	1	40	0.1377892	95.52955	4328.911	1	31.83099	8756.253	6175.324	8.210591	795.7747	25	0.2787202	16.08932	0.06032386	7	37.72218	-80.10972	744.2226	0.2248697	-0.1103151	90798.42	90798.42	-0.1483372	280.8462	91.95917	283.7754	1103.51	43.28911	11.31062	
1993	7	4	2	2	8	1114.268	8	1	1908	1911	2012	1	2	5	3	14	1	1	1	1	85	1.684183	1114.268	52911.82	1	31.83099	8756.253	6175.324	8.210591	795.7747	25	0.2787202	16.08932	0.737332	7	37.72218	-80.10972	744.2226	0.2248697	-0.1103151	90798.42	90798.42	-0.1483372	280.8462	91.95917	283.7754	1103.51	529.1182	1143.167	
1994	1	1	2	2	1	2117.377	1	1	1845	1865	2012	1	2	6	20	37	1	1	2	1	149	3.556507	2117.377	111734.4	1	31.83099	17306.89	9167.268	16.46366	1177.747	37	0.5508953	25.73455	1	1	37.91985	-79.84246	997.5121	0.03488264	-0.09616352	119731.7	119731.7	-0.1647616	283.5558	114.1417	282.9983	1369.7	1117.344	1615.34	
1994	2	1	3	4	2	65.36649	2	1	1932	1934	2009	1	2	4	2	37	1	1	3	1	62	0.2050177	65.36649	6441.02	1	31.83099	7903.905	5086.888	15.06325	859.4367	27	0.2515891	15.41014	0.1347422	2	37.91554	-79.83873	868.6189	0.04166063	-0.09718033	118333.4	118333.4	-0.1647616	283.8229	114.1417	282.9983	1369.7	64.4102	97.78746	
1994	3	2	1	1	3	1089.248	3	1	1908	1912	2012	1	2	3	4	13	1	1	1	1	86	1.610099	1089.248	50584.31	1	31.83099	17292.11	7606.831	23.07761	509.2958	16	0.5504249	23.13413	0.4344046	3	38.31762	-79.23926	941.822	0.008083133	0.1976616	110253.2	110253.2	-0.1647616	282.6497	86.60333	283.2208	1039.24	505.8431	1152.196	
1994	4	3	2	1	4	282.2681	4	1	1910	1912	2012	1	2	2	2	31	1	1	1	1	84	0.3938331	282.2681	12373.02	1	31.83099	9891.465	7140.852	11.53286	1050.423	33	0.3148551	16.82109	0.1789129	4	36.7579	-81.3064	1114.838	0.0279629	-0.07959976	94858.18	94858.18	-0.1647616	279.1427	107.6033	282.2404	1291.24	123.7302	407.9732	
1994	5	3	3	1	5	106.5163	5	2	1913	1914	2012	1	2	1	1	25	1	1	1	1	81	0.3555456	106.5163	11170.14	1	31.83099	17308.23	12433.08	16.17816	1336.902	42	0.5509382	23.14059	0.1408946	5	36.76212	-81.30692	1000.51	0.07691931	-0.1967007	100591.1	100591.1	-0.1647616	280.9718	107.6033	282.2404	1291.24	111.7014	135.1842	
1994	6	4	1	1	6	21.98989	6	1	1955	1958	2012	1	1	7	3	18	1	1	4	1	39	0.07902136	21.98989	2482.606	1	31.83099	10586.27	8762.898	20.5403	668.4508	21	0.3369715	27.3057	0.01103132	6	37.71746	-80.1106	877.0418	0.007794109	0.1819402	98238.87	98238.87	-0.1647616	281.7611	89.57833	283.8608	1074.94	24.82606	9.186356	
1994	7	4	2	2	7	94.10924	7	2	1953	1954	2012	1	1	7	1	6	1	1	4	1	41	0.1407847	94.10924	4423.02	1	31.83099	8011.112	6257.821	8.349974	795.7747	25	0.2550016	16.34432	0.06102406	7	37.72218	-80.10972	744.2226	0.2248697	-0.1103151	90798.42	90798.42	-0.1647616	280.7349	89.57833	283.8608	1074.94	44.2302	11.27222	
1994	7	4	2	2	8	1018.668	8	1	1908	1911	2012	1	2	5	3	14	1	1	1	1	86	1.716607	1018.668	53930.48	1	31.83099	8011.112	6257.821	8.349974	795.7747	25	0.2550016	16.34432	0.7440746	7	37.72218	-80.10972	744.2226	0.2248697	-0.1103151	90798.42	90798.42	-0.1647616	280.7349	89.57833	283.8608	1074.94	539.3048	1138.518	
1995	1	1	2	2	1	2659.615	1	1	1845	1865	2012	1	2	6	20	37	1	1	2	1	150	3.641162	2659.615	114394	1	31.83099	16179.9	9346.775	16.85022	1177.747	37	0.5150222	26.24957	1	1	37.91985	-79.84246	997.5121	0.03488264	-0.09616352	119731.7	119731.7	-0.2506454	283.3858	102.4092	282.7788	1228.91	1143.94	1844.026	
1995	2	1	3	4	2	49.98902	2	1	1932	1934	2009	1	2	4	2	37	1	1	3	1	63	0.2066088	49.98902	6491.009	1	31.83099	7930.841	5175.518	15.30429	859.4367	27	0.2524465	15.66258	0.1333179	2	37.91554	-79.83873	868.6189	0.04166063	-0.09718033	118333.4	118333.4	-0.2506454	283.6695	102.4092	282.7788	1228.91	64.91009	104.0643	
1995	3	2	1	1	3	662.3684	3	1	1908	1912	2012	1	2	3	4	13	1	1	1	1	87	1.631182	662.3684	51246.68	1	31.83099	16400.27	7780.134	23.58817	509.2958	16	0.5220368	23.65616	0.4183797	3	38.31762	-79.23926	941.822	0.008083133	0.1976616	110253.2	110253.2	-0.2506454	282.4904	87.99167	283.0883	1055.9	512.4668	1164.988	
1995	4	3	2	1	4	420.0513	4	1	1910	1912	2012	1	2	2	2	31	1	1	1	1	85	0.4072033	420.0513	12793.07	1	31.83099	10502.89	7281.313	11.75407	1050.423	33	0.3343173	17.1554	0.1823517	4	36.7579	-81.3064	1114.838	0.0279629	-0.07959976	94858.18	94858.18	-0.2506454	279.0438	123.8567	282.1346	1486.28	127.9307	333.9806	
1995	5	3	3	1	5	177.9815	5	2	1913	1914	2012	1	2	1	1	25	1	1	1	1	82	0.3612108	177.9815	11348.12	1	31.83099	17171.09	12665.93	16.48813	1336.902	42	0.5465728	23.68716	0.1409813	5	36.76212	-81.30692	1000.51	0.07691931	-0.1967007	100591.1	100591.1	-0.2506454	280.854	123.8567	282.1346	1486.28	113.4812	103.784	
1995	6	4	1	1	6	81.40369	6	1	1955	1958	2012	1	1	7	3	18	1	1	4	1	40	0.08161244	81.40369	2564.01	1	31.83099	14294.49	8895.414	20.92103	668.4508	21	0.4550076	27.76071	0.01124495	6	37.71746	-80.1106	877.0418	0.007794109	0.1819402	98238.87	98238.87	-0.2506454	281.6575	93.95167	283.49	1127.42	25.6401	9.290637	
1995	7	4	2	2	7	71.82003	7	2	1953	1954	2012	1	1	7	1	6	1	1	4	1	42	0.1430708	71.82003	4494.84	1	31.83099	8307.282	6342.889	8.497539	795.7747	25	0.264429	16.60875	0.06149223	7	37.72218	-80.10972	744.2226	0.2248697	-0.1103151	90798.42	90798.42	-0.2506454	280.7001	93.95167	283.49	1127.42	44.9484	11.48202	
1995	7	4	2	2	8	1113.767	8	1	1908	1911	2012	1	2	5	3	14	1	1	1	1	87	1.752059	1113.767	55044.25	1	31.83099	8307.282	6342.889	8.497539	795.7747	25	0.264429	16.60875	0.7530398	7	37.72218	-80.10972	744.2226	0.2248697	-0.1103151	90798.42	90798.42	-0.2506454	280.7001	93.95167	283.49	1127.42	550.4425	1163.18	
1996	1	1	2	2	1	1197.423	1	1	1845	1865	2012	1	2	6	20	37	1	1	2	1	151	3.679276	1197.423	115591.5	1	31.83099	12531.45	9489.212	17.11879	1177.747	37	0.3988884	26.64846	1	1	37.91985	-79.84246	997.5121	0.03488264	-0.09616352	119731.7	119731.7	-0.7817626	282.8678	133.8492	282.0079	1606.19	1155.915	1031.468	
1996	2	1	3	4	2	43.87234	2	1	1932	1934	2009	1	2	4	2	37	1	1	3	1	64	0.2080053	43.87234	6534.881	1	31.83099	7320.812	5257.918	15.5255	859.4367	27	0.2330287	15.89561	0.1314467	2	37.91554	-79.83873	868.6189	0.04166063	-0.09718033	118333.4	118333.4	-0.7817626	283.1462	133.8492	282.0079	1606.19	65.34881	53.71393	
1996	3	2	1	1	3	858.4079	3	1	1908	1912	2012	1	2	3	4	13	1	1	1	1	88	1.658505	858.4079	52105.09	1	31.83099	15945.29	7948.758	24.08383	509.2958	16	0.5075542	24.16372	0.4080762	3	38.31762	-79.23926	941.822	0.008083133	0.1976616	110253.2	110253.2	-0.7817626	281.9349	122.1417	282.5367	1465.7	521.0509	886.718	
1996	4	3	2	1	4	368.6594	4	1	1910	1912	2012	1	2	2	2	31	1	1	1	1	86	0.4189377	368.6594	13161.73	1	31.83099	9359.582	7409.624	11.93661	1050.423	33	0.2979248	17.45333	0.1858898	4	36.7579	-81.3064	1114.838	0.0279629	-0.07959976	94858.18	94858.18	-0.7817626	278.4967	120.4042	281.6508	1444.85	131.6173	373.6234	
1996	5	3	3	1	5	177.4045	5	2	1913	1914	2012	1	2	1	1	25	1	1	1	1	83	0.3668576	177.4045	11525.53	1	31.83099	15948.74	12885.28	16.75509	1336.902	42	0.5076643	24.19483	0.1412579	5	36.76212	-81.30692	1000.51	0.07691931	-0.1967007	100591.1	100591.1	-0.7817626	280.3026	120.4042	281.6508	1444.85	115.2553	110.9707	
1996	6	4	1	1	6	35.52764	6	1	1955	1958	2012	1	1	7	3	18	1	1	4	1	41	0.08274328	35.52764	2599.538	1	31.83099	11596.65	9000.822	21.21547	668.4508	21	0.3691329	28.12984	0.01128861	6	37.71746	-80.1106	877.0418	0.007794109	0.1819402	98238.87	98238.87	-0.7817626	281.1083	118.1742	282.8488	1418.09	25.99538	7.41849	
1996	7	4	2	2	7	82.22137	7	2	1953	1954	2012	1	1	7	1	6	1	1	4	1	43	0.1456879	82.22137	4577.062	1	31.83099	8062.868	6425.122	8.63608	795.7747	25	0.2566491	16.8654	0.06181905	7	37.72218	-80.10972	744.2226	0.2248697	-0.1103151	90798.42	90798.42	-0.7817626	280.1922	118.1742	282.8488	1418.09	45.77062	9.195506	
1996	7	4	2	2	8	1041.859	8	1	1908	1911	2012	1	2	5	3	14	1	1	1	1	88	1.785221	1041.859	56086.11	1	31.83099	8062.868	6425.122	8.63608	795.7747	25	0.2566491	16.8654	0.7575144	7	37.72218	-80.10972	744.2226	0.2248697	-0.1103151	90798.42	90798.42	-0.7817626	280.1922	118.1742	282.8488	1418.09	560.8611	934.9896	
1997	1	1	2	2	1	1554.177	1	1	1845	1865	2012	1	2	6	20	37	1	1	2	1	152	3.728746	1554.177	117145.6	1	31.83099	13449.24	9640.24	17.4147	1177.747	37	0.4281026	27.07656	1	1	37.91985	-79.84246	997.5121	0.03488264	-0.09616352	119731.7	119731.7	-0.6235046	283.0509	86.88	282.0867	1042.56	1171.456	1838.803	
1997	2	1	3	4	2	45.56904	2	1	1932	1934	2009	1	2	4	2	37	1	1	3	1	65	0.2094557	45.56904	6580.451	1	31.83099	8370.02	5350.679	15.77969	859.4367	27	0.266426	16.16204	0.1294916	2	37.91554	-79.83873	868.6189	0.04166063	-0.09718033	118333.4	118333.4	-0.6235046	283.3273	86.88	282.0867	1042.56	65.80451	87.79277	
1997	3	2	1	1	3	935.4299	3	1	1908	1912	2012	1	2	3	4	13	1	1	1	1	89	1.68828	935.4299	53040.52	1	31.83099	13419.54	8091.993	24.49868	509.2958	16	0.4271571	24.59088	0.4016758	3	38.31762	-79.23926	941.822	0.008083133	0.1976616	110253.2	110253.2	-0.6235046	282.1208	80.57583	282.8654	966.91	530.4052	1096.103	
1997	4	3	2	1	4	390.5112	4	1	1910	1912	2012	1	2	2	2	31	1	1	1	1	87	0.4313677	390.5112	13552.24	1	31.83099	8928.372	7532.907	12.10314	1050.423	33	0.2841989	17.73753	0.1898506	4	36.7579	-81.3064	1114.838	0.0279629	-0.07959976	94858.18	94858.18	-0.6235046	278.6552	90.12917	282.0117	1081.55	135.5224	510.2026	
1997	5	3	3	1	5	172.8847	5	2	1913	1914	2012	1	2	1	1	25	1	1	1	1	84	0.3723605	172.8847	11698.41	1	31.83099	16319.25	13106.97	17.0295	1336.902	42	0.519458	24.71429	0.1410161	5	36.76212	-81.30692	1000.51	0.07691931	-0.1967007	100591.1	100591.1	-0.6235046	280.4893	90.12917	282.0117	1081.55	116.9841	141.1397	
1997	6	4	1	1	6	52.76996	6	1	1955	1958	2012	1	1	7	3	18	1	1	4	1	42	0.08442295	52.76996	2652.308	1	31.83099	10536.82	9095.501	21.47577	668.4508	21	0.3353974	28.46524	0.01142483	6	37.71746	-80.1106	877.0418	0.007794109	0.1819402	98238.87	98238.87	-0.6235046	281.2664	74.37167	282.8067	892.46	26.52308	7.685817	
1997	7	4	2	2	7	51.90131	7	2	1953	1954	2012	1	1	7	1	6	1	1	4	1	44	0.1473399	51.90131	4628.963	1	31.83099	7889.493	6505.23	8.767859	795.7747	25	0.2511304	17.11653	0.06184919	7	37.72218	-80.10972	744.2226	0.2248697	-0.1103151	90798.42	90798.42	-0.6235046	280.3269	74.37167	282.8067	892.46	46.28963	9.531624	
1997	7	4	2	2	8	1107.934	8	1	1908	1911	2012	1	2	5	3	14	1	1	1	1	89	1.820486	1107.934	57194.04	1	31.83099	7889.493	6505.23	8.767859	795.7747	25	0.2511304	17.11653	0.7641895	7	37.72218	-80.10972	744.2226	0.2248697	-0.1103151	90798.42	90798.42	-0.6235046	280.3269	74.37167	282.8067	892.46	571.9404	977.1628	
1998	1	1	2	2	1	1795.006	1	1	1845	1865	2012	1	2	6	20	37	1	1	2	1	153	3.785881	1795.006	118940.7	1	31.83099	14844.24	9804.631	17.75315	1177.747	37	0.4725068	27.54907	1	1	37.91985	-79.84246	997.5121	0.03488264	-0.09616352	119731.7	119731.7	1.11728	284.8042	100.7042	284.53	1208.45	1189.407	1949.53	
1998	2	1	3	4	2	26.7743	2	1	1932	1934	2009	1	2	4	2	37	1	1	3	1	66	0.210308	26.7743	6607.225	1	31.83099	7058.002	5434.498	15.9917	891.2677	28	0.2246632	16.3867	0.1278083	2	37.91554	-79.83873	868.6189	0.04166063	-0.09718033	118333.4	118333.4	1.11728	285.0808	100.7042	284.53	1208.45	66.07225	85.92883	
1998	3	2	1	1	3	1284.955	3	1	1908	1912	2012	1	2	3	4	13	1	1	1	1	90	1.72918	1284.955	54325.47	1	31.83099	14475.74	8245.66	24.94673	509.2958	16	0.460777	25.05165	0.4002696	3	38.31762	-79.23926	941.822	0.008083133	0.1976616	110253.2	110253.2	1.11728	284.0108	86.49	284.5808	1037.88	543.2547	1224.971	
1998	4	3	2	1	4	442.954	4	1	1910	1912	2012	1	2	2	2	31	1	1	1	1	88	0.4454669	442.954	13995.19	1	31.83099	10055.05	7666.739	12.30326	1050.423	33	0.3200621	18.05759	0.1938558	4	36.7579	-81.3064	1114.838	0.0279629	-0.07959976	94858.18	94858.18	1.11728	280.5773	116.7233	283.6546	1400.68	139.9519	494.9157	
1998	5	3	3	1	5	152.54	5	2	1913	1914	2012	1	2	1	1	25	1	1	1	1	85	0.3772159	152.54	11850.95	1	31.83099	16984.25	13333.93	17.32071	1336.902	42	0.5406253	25.25491	0.1406893	5	36.76212	-81.30692	1000.51	0.07691931	-0.1967007	100591.1	100591.1	1.11728	282.3941	116.7233	283.6546	1400.68	118.5095	125.2279	
1998	6	4	1	1	6	64.74006	6	1	1955	1958	2012	1	1	7	3	18	1	1	4	1	43	0.08648362	64.74006	2717.048	1	31.83099	12427.09	9208.952	21.79582	668.4508	21	0.3955667	28.86081	0.01157216	6	37.71746	-80.1106	877.0418	0.007794109	0.1819402	98238.87	98238.87	1.11728	283.1396	95.70583	284.4704	1148.47	27.17048	9.70219	
1998	7	4	2	2	7	38.48585	7	2	1953	1954	2012	1	1	7	1	6	1	1	4	1	45	0.1485649	38.48585	4667.449	1	31.83099	8914.698	6595.199	8.931025	795.7747	25	0.2837636	17.4003	0.06137899	7	37.72218	-80.10972	744.2226	0.2248697	-0.1103151	90798.42	90798.42	1.11728	282.069	95.70583	284.4704	1148.47	46.67449	12.04204	
1998	7	4	2	2	8	1476.748	8	1	1908	1911	2012	1	2	5	3	14	1	1	1	1	90	1.867491	1476.748	58670.79	1	31.83099	8914.698	6595.199	8.931025	795.7747	25	0.2837636	17.4003	0.7715466	7	37.72218	-80.10972	744.2226	0.2248697	-0.1103151	90798.42	90798.42	1.11728	282.069	95.70583	284.4704	1148.47	586.7079	1256.202	
1999	1	1	2	2	1	1723.137	1	1	1845	1865	2012	1	2	6	20	37	1	1	2	1	154	3.840728	1723.137	120663.8	1	31.83099	13474.97	9954.744	18.04615	1177.747	37	0.4289215	27.97799	1	1	37.91985	-79.84246	997.5121	0.03488264	-0.09616352	119731.7	119731.7	0.3926551	284.0676	87.38333	283.2463	1048.6	1206.638	1917.014	
1999	2	1	3	4	2	34.71648	2	1	1932	1934	2009	1	2	4	2	37	1	1	3	1	67	0.211413	34.71648	6641.941	1	31.83099	6226.411	5511.97	16.17669	891.2677	28	0.1981928	16.5849	0.1262652	2	37.91554	-79.83873	868.6189	0.04166063	-0.09718033	118333.4	118333.4	0.3926551	284.3448	87.38333	283.2463	1048.6	66.41941	78.83411	
1999	3	2	1	1	3	904.2471	3	1	1908	1912	2012	1	2	3	4	13	1	1	1	1	91	1.757962	904.2471	55229.72	1	31.83099	12678.81	8381.228	25.33718	509.2958	16	0.403579	25.45523	0.3982256	3	38.31762	-79.23926	941.822	0.008083133	0.1976616	110253.2	110253.2	0.3926551	283.2186	76.68417	283.8338	920.21	552.2972	1089.442	
1999	4	3	2	1	4	950.5529	4	1	1910	1912	2012	1	2	2	2	31	1	1	1	1	89	0.475723	950.5529	14945.74	1	31.83099	9902.793	7798.332	12.49624	1050.423	33	0.3152157	18.37281	0.2051293	4	36.7579	-81.3064	1114.838	0.0279629	-0.07959976	94858.18	94858.18	0.3926551	279.781	94.69417	282.9758	1136.33	149.4574	646.0462	
1999	5	3	3	1	5	80.56449	5	2	1913	1914	2012	1	2	1	1	25	1	1	1	1	86	0.3797802	80.56449	11931.52	1	31.83099	16270.36	13552.39	17.58485	1336.902	42	0.5179016	25.77281	0.139593	5	36.76212	-81.30692	1000.51	0.07691931	-0.1967007	100591.1	100591.1	0.3926551	281.5846	94.69417	282.9758	1136.33	119.3152	140.7755	
1999	6	4	1	1	6	32.6424	6	1	1955	1958	2012	1	1	7	3	18	1	1	4	1	44	0.08752263	32.6424	2749.69	1	31.83099	9806.669	9302.031	22.03204	700.2817	22	0.312156	29.17296	0.01161463	6	37.71746	-80.1106	877.0418	0.007794109	0.1819402	98238.87	98238.87	0.3926551	282.3676	82.04167	283.9154	984.5	27.4969	8.858238	
1999	7	4	2	2	7	74.91756	7	2	1953	1954	2012	1	1	7	1	6	1	1	4	1	46	0.1509495	74.91756	4742.366	1	31.83099	8154.037	6677.171	9.068734	795.7747	25	0.2595511	17.65985	0.06154148	7	37.72218	-80.10972	744.2226	0.2248697	-0.1103151	90798.42	90798.42	0.3926551	281.355	82.04167	283.9154	984.5	47.42366	10.98981	
1999	7	4	2	2	8	961.5196	8	1	1908	1911	2012	1	2	5	3	14	1	1	1	1	91	1.898096	961.5196	59632.31	1	31.83099	8154.037	6677.171	9.068734	795.7747	25	0.2595511	17.65985	0.7738459	7	37.72218	-80.10972	744.2226	0.2248697	-0.1103151	90798.42	90798.42	0.3926551	281.355	82.04167	283.9154	984.5	596.3231	1151.966	
2000	1	1	2	2	1	1623.575	1	1	1845	1865	2012	1	2	6	20	37	1	1	2	1	155	3.892407	1623.575	122287.4	1	31.83099	14480.65	10114.33	18.36929	1177.747	37	0.4609333	28.43892	1	1	37.91985	-79.84246	997.5121	0.03488264	-0.09616352	119731.7	119731.7	-0.3248141	283.3386	92.4775	282.6088	1109.73	1222.874	1950.411	
2000	2	1	3	4	2	25.2961	2	1	1932	1934	2009	1	2	4	2	37	1	1	3	1	68	0.2122182	25.2961	6667.237	1	31.83099	6459.623	5591.579	16.36849	891.2677	28	0.2056162	16.79051	0.1249721	2	37.91554	-79.83873	868.6189	0.04166063	-0.09718033	118333.4	118333.4	-0.3248141	283.6154	92.4775	282.6088	1109.73	66.67237	75.63351	
2000	3	2	1	1	3	1732.285	3	1	1908	1912	2012	1	2	3	4	13	1	1	1	1	92	1.813101	1732.285	56962.01	1	31.83099	20003.45	8589.912	25.96035	509.2958	16	0.6367296	26.09196	0.4012251	3	38.31762	-79.23926	941.822	0.008083133	0.1976616	110253.2	110253.2	-0.3248141	282.4197	84.395	283.1758	1012.74	569.6201	1190.117	
2000	4	3	2	1	4	1117.375	4	1	1910	1912	2012	1	2	2	2	31	1	1	1	1	90	0.5112891	1117.375	16063.12	1	31.83099	10338.92	7933.57	12.70082	1050.423	33	0.3290982	18.7019	0.2184746	4	36.7579	-81.3064	1114.838	0.0279629	-0.07959976	94858.18	94858.18	-0.3248141	278.9545	87.40833	282.3225	1048.9	160.6312	657.5773	
2000	5	3	3	1	5	197.6062	5	2	1913	1914	2012	1	2	1	1	25	1	1	1	1	87	0.38607	197.6062	12129.12	1	31.83099	16526.17	13772.04	17.85277	1336.902	42	0.5260444	26.29886	0.1399841	5	36.76212	-81.30692	1000.51	0.07691931	-0.1967007	100591.1	100591.1	-0.3248141	280.785	87.40833	282.3225	1048.9	121.2912	135.9473	
2000	6	4	1	1	6	60.96441	6	1	1955	1958	2012	1	1	7	3	18	1	1	4	1	45	0.08946313	60.96441	2810.654	1	31.83099	12246.06	9419.802	22.3453	700.2817	22	0.3898041	29.56277	0.01174385	6	37.71746	-80.1106	877.0418	0.007794109	0.1819402	98238.87	98238.87	-0.3248141	281.5594	85.2525	283.3075	1023.03	28.10654	8.928608	
2000	7	4	2	2	7	99.5039	7	2	1953	1954	2012	1	1	7	1	6	1	1	4	1	47	0.1541167	99.5039	4841.87	1	31.83099	8877.717	6765.988	9.228234	795.7747	25	0.2825865	17.94243	0.0618829	7	37.72218	-80.10972	744.2226	0.2248697	-0.1103151	90798.42	90798.42	-0.3248141	280.6002	85.2525	283.3075	1023.03	48.4187	11.09586	
2000	7	4	2	2	8	1103.99	8	1	1908	1911	2012	1	2	5	3	14	1	1	1	1	92	1.933237	1103.99	60736.3	1	31.83099	8877.717	6765.988	9.228234	795.7747	25	0.2825865	17.94243	0.7762576	7	37.72218	-80.10972	744.2226	0.2248697	-0.1103151	90798.42	90798.42	-0.3248141	280.6002	85.2525	283.3075	1023.03	607.363	1166.965	
2001	1	1	2	2	1	972.32	1	1	1845	1865	2012	1	2	6	20	37	1	1	2	1	156	3.923356	972.32	123259.7	1	31.83099	13906.33	10267.58	18.67229	1177.747	37	0.4426521	28.88157	1	1	37.91985	-79.84246	997.5121	0.03488264	-0.09616352	119731.7	119731.7	0.2099438	283.9137	79.11667	283.3146	949.4	1232.597	1785.843	
2001	2	1	3	4	2	68.18254	2	1	1932	1934	2009	1	2	4	2	37	1	1	3	1	69	0.2143884	68.18254	6735.42	1	31.83099	6547.766	5671.874	16.56246	891.2677	28	0.2084219	16.99893	0.1247386	2	37.91554	-79.83873	868.6189	0.04166063	-0.09718033	118333.4	118333.4	0.2099438	284.1852	79.11667	283.3146	949.4	67.3542	68.27259	
2001	3	2	1	1	3	1209.692	3	1	1908	1912	2012	1	2	3	4	13	1	1	1	1	93	1.851605	1209.692	58171.7	1	31.83099	15070.89	8749.139	26.4261	509.2958	16	0.4797214	26.57168	0.401154	3	38.31762	-79.23926	941.822	0.008083133	0.1976616	110253.2	110253.2	0.2099438	283.0384	68.02083	283.6804	816.25	581.717	946.6386	
2001	4	3	2	1	4	1445.55	4	1	1910	1912	2012	1	2	2	2	31	1	1	1	1	91	0.557301	1445.55	17508.67	1	31.83099	10989.09	8074.592	12.92382	1050.423	33	0.3497937	19.0517	0.2367004	4	36.7579	-81.3064	1114.838	0.0279629	-0.07959976	94858.18	94858.18	0.2099438	279.5722	86.97417	282.8279	1043.69	175.0867	711.9173	
2001	5	3	3	1	5	235.1956	5	2	1913	1914	2012	1	2	1	1	25	1	1	1	1	88	0.3935563	235.1956	12364.32	1	31.83099	17698.99	14002.05	18.15367	1336.902	42	0.5633764	26.86223	0.1409955	5	36.76212	-81.30692	1000.51	0.07691931	-0.1967007	100591.1	100591.1	0.2099438	281.3916	86.97417	282.8279	1043.69	123.6432	144.5402	
2001	6	4	1	1	6	68.46944	6	1	1955	1958	2012	1	1	7	3	18	1	1	4	1	46	0.09164251	68.46944	2879.124	1	31.83099	10706.28	9521.98	22.60893	700.2817	22	0.3407914	29.90356	0.01192004	6	37.71746	-80.1106	877.0418	0.007794109	0.1819402	98238.87	98238.87	0.2099438	282.1659	74.86417	283.8142	898.37	28.79124	8.001254	
2001	7	4	2	2	7	118.3938	7	2	1953	1954	2012	1	1	7	1	6	1	1	4	1	48	0.1578852	118.3938	4960.264	1	31.83099	8597.063	6851.608	9.377557	795.7747	25	0.273653	18.21609	0.06249639	7	37.72218	-80.10972	744.2226	0.2248697	-0.1103151	90798.42	90798.42	0.2099438	281.1498	74.86417	283.8142	898.37	49.60264	10.04223	
2001	7	4	2	2	8	872.7931	8	1	1908	1911	2012	1	2	5	3	14	1	1	1	1	93	1.961018	872.7931	61609.1	1	31.83099	8597.063	6851.608	9.377557	795.7747	25	0.273653	18.21609	0.776238	7	37.72218	-80.10972	744.2226	0.2248697	-0.1103151	90798.42	90798.42	0.2099438	281.1498	74.86417	283.8142	898.37	616.091	1053.672	
2002	1	1	2	2	1	1231.796	1	1	1845	1865	2012	1	2	6	20	37	1	1	2	1	157	3.962564	1231.796	124491.5	1	31.83099	12505.14	10406.23	18.92882	1177.747	37	0.3980509	29.27962	1	1	37.91985	-79.84246	997.5121	0.03488264	-0.09616352	119731.7	119731.7	0.4989653	284.1667	93.8975	283.4463	1126.77	1244.915	2007.865	
2002	2	1	3	4	2	39.77453	2	1	1932	1934	2009	1	2	4	2	37	1	1	3	1	70	0.2156544	39.77453	6775.194	1	31.83099	6080.177	5747.298	16.74093	891.2677	28	0.193538	17.19247	0.1239535	2	37.91554	-79.83873	868.6189	0.04166063	-0.09718033	118333.4	118333.4	0.4989653	284.4469	93.8975	283.4463	1126.77	67.75194	73.94599	
2002	3	2	1	1	3	1649.839	3	1	1908	1912	2012	1	2	3	4	13	1	1	1	1	94	1.90412	1649.839	59821.54	1	31.83099	18129.99	8938.828	26.98881	509.2958	16	0.5770955	27.14878	0.4023697	3	38.31762	-79.23926	941.822	0.008083133	0.1976616	110253.2	110253.2	0.4989653	283.3198	86.65083	283.9667	1039.81	598.2154	1268.29	
2002	4	3	2	1	4	723.5643	4	1	1910	1912	2012	1	2	2	2	31	1	1	1	1	92	0.580332	723.5643	18232.23	1	31.83099	9072.784	8195.735	13.08354	1050.423	33	0.2887957	19.34049	0.2445116	4	36.7579	-81.3064	1114.838	0.0279629	-0.07959976	94858.18	94858.18	0.4989653	279.8664	102.3958	283.0617	1228.75	182.3223	738.906	
2002	5	3	3	1	5	136.5298	5	2	1913	1914	2012	1	2	1	1	25	1	1	1	1	89	0.397902	136.5298	12500.85	1	31.83099	16259.83	14216.3	18.4044	1336.902	42	0.5175664	27.3798	0.1408958	5	36.76212	-81.30692	1000.51	0.07691931	-0.1967007	100591.1	100591.1	0.4989653	281.6869	102.3958	283.0617	1228.75	125.0085	147.0369	
2002	6	4	1	1	6	71.2287	6	1	1955	1958	2012	1	1	7	3	18	1	1	4	1	47	0.09390972	71.2287	2950.353	1	31.83099	10028.02	9617.18	22.85035	700.2817	22	0.3192019	30.22276	0.01212569	6	37.71746	-80.1106	877.0418	0.007794109	0.1819402	98238.87	98238.87	0.4989653	282.4598	89.20333	284.0775	1070.44	29.50353	9.433728	
2002	7	4	2	2	7	53.9135	7	2	1953	1954	2012	1	1	7	1	6	1	1	4	1	49	0.1596013	53.9135	5014.178	1	31.83099	8449.144	6935.357	9.520926	795.7747	25	0.2689446	18.48503	0.0624188	7	37.72218	-80.10972	744.2226	0.2248697	-0.1103151	90798.42	90798.42	0.4989653	281.439	89.20333	284.0775	1070.44	50.14178	11.84334	
2002	7	4	2	2	8	1166.722	8	1	1908	1911	2012	1	2	5	3	14	1	1	1	1	94	1.998154	1166.722	62775.82	1	31.83099	8449.144	6935.357	9.520926	795.7747	25	0.2689446	18.48503	0.7814623	7	37.72218	-80.10972	744.2226	0.2248697	-0.1103151	90798.42	90798.42	0.4989653	281.439	89.20333	284.0775	1070.44	627.7582	1254.496	
2003	1	1	2	2	1	578.4929	1	1	1845	1865	2012	1	2	6	20	37	1	1	2	1	158	3.980977	578.4929	125070	1	31.83099	15254.48	10571.8	19.27099	1177.747	37	0.4855652	29.76519	1	1	37.91985	-79.84246	997.5121	0.03488264	-0.09616352	119731.7	119731.7	-0.4256938	283.2599	134.0475	282.5288	1608.57	1250.7	1085.935	
2003	2	1	3	4	2	65.44275	2	1	1932	1934	2009	1	2	4	2	37	1	1	3	1	71	0.2177375	65.44275	6840.637	1	31.83099	5583.583	5817.56	16.90297	891.2677	28	0.177731	17.3702	0.1231301	2	37.91554	-79.83873	868.6189	0.04166063	-0.09718033	118333.4	118333.4	-0.4256938	283.5323	134.0475	282.5288	1608.57	68.40637	38.67879	
2003	3	2	1	1	3	595.9802	3	1	1908	1912	2012	1	2	3	4	13	1	1	1	1	95	1.92309	595.9802	60417.52	1	31.83099	10483.83	9051.924	27.30773	509.2958	16	0.3337107	27.48249	0.3992344	3	38.31762	-79.23926	941.822	0.008083133	0.1976616	110253.2	110253.2	-0.4256938	282.3428	126.1192	283.0996	1513.43	604.1752	878.5806	
2003	4	3	2	1	4	520.6226	4	1	1910	1912	2012	1	2	2	2	31	1	1	1	1	93	0.5969034	520.6226	18752.86	1	31.83099	9115.798	8316.591	13.24235	1050.423	33	0.2901648	19.63066	0.2491833	4	36.7579	-81.3064	1114.838	0.0279629	-0.07959976	94858.18	94858.18	-0.4256938	278.8398	135.4933	282.4067	1625.92	187.5286	379.7323	
2003	5	3	3	1	5	108.9382	5	2	1913	1914	2012	1	2	1	1	25	1	1	1	1	90	0.4013695	108.9382	12609.79	1	31.83099	17356.55	14440.14	18.68569	1336.902	42	0.5524761	27.93228	0.1405922	5	36.76212	-81.30692	1000.51	0.07691931	-0.1967007	100591.1	100591.1	-0.4256938	280.6675	135.4933	282.4067	1625.92	126.0979	75.00568	
2003	6	4	1	1	6	23.92386	6	1	1955	1958	2012	1	1	7	3	18	1	1	4	1	48	0.09467122	23.92386	2974.276	1	31.83099	9142.866	9705.102	23.06297	732.1127	23	0.2910265	30.51379	0.01212849	6	37.71746	-80.1106	877.0418	0.007794109	0.1819402	98238.87	98238.87	-0.4256938	281.469	123.265	283.3138	1479.18	29.74276	6.813977	
2003	7	4	2	2	7	54.19059	7	2	1953	1954	2012	1	1	7	1	6	1	1	4	1	50	0.1613262	54.19059	5068.368	1	31.83099	9030.61	7024.53	9.681559	795.7747	25	0.2874532	18.77248	0.06188846	7	37.72218	-80.10972	744.2226	0.2248697	-0.1103151	90798.42	90798.42	-0.4256938	280.4684	123.265	283.3138	1479.18	50.68368	8.455915	
2003	7	4	2	2	8	950.9316	8	1	1908	1911	2012	1	2	5	3	14	1	1	1	1	95	2.028422	950.9316	63726.75	1	31.83099	9030.61	7024.53	9.681559	795.7747	25	0.2874532	18.77248	0.7781499	7	37.72218	-80.10972	744.2226	0.2248697	-0.1103151	90798.42	90798.42	-0.4256938	280.4684	123.265	283.3138	1479.18	637.2675	907.5494	
2004	1	1	2	2	1	2638.201	1	1	1845	1865	2012	1	2	6	20	37	1	1	2	1	159	4.064951	2638.201	127708.2	1	31.83099	23066.42	10814.89	19.85995	1177.747	37	0.7342268	30.49942	1	1	37.91985	-79.84246	997.5121	0.03488264	-0.09616352	119731.7	119731.7	0.1238402	283.805	102.8092	282.9429	1233.71	1277.082	1985.615	
2004	2	1	3	4	2	70.52499	2	1	1932	1934	2009	1	2	4	2	37	1	1	3	1	72	0.2199823	70.52499	6911.162	1	31.83099	7080.2	5902.592	17.11203	891.2677	28	0.2253698	17.59557	0.1223239	2	37.91554	-79.83873	868.6189	0.04166063	-0.09718033	118333.4	118333.4	0.1238402	284.078	102.8092	282.9429	1233.71	69.11162	67.61302	
2004	3	2	1	1	3	1805.373	3	1	1908	1912	2012	1	2	3	4	13	1	1	1	1	96	1.980555	1805.373	62222.89	1	31.83099	16532.72	9225.379	27.81877	509.2958	16	0.5262527	28.00874	0.4043295	3	38.31762	-79.23926	941.822	0.008083133	0.1976616	110253.2	110253.2	0.1238402	282.9372	91.4	283.5917	1096.8	622.2289	1314.467	
2004	4	3	2	1	4	740.3427	4	1	1910	1912	2012	1	2	2	2	31	1	1	1	1	94	0.6204685	740.3427	19493.2	1	31.83099	11212.88	8457.7	13.46563	1050.423	33	0.3569171	19.98758	0.2554824	4	36.7579	-81.3064	1114.838	0.0279629	-0.07959976	94858.18	94858.18	0.1238402	279.4583	110.2567	283.0387	1323.08	194.932	691.2733	
2004	5	3	3	1	5	152.0629	5	2	1913	1914	2012	1	2	1	1	25	1	1	1	1	91	0.4062097	152.0629	12761.85	1	31.83099	19497.59	14684.03	19.03077	1336.902	42	0.6206276	28.5529	0.1403583	5	36.76212	-81.30692	1000.51	0.07691931	-0.1967007	100591.1	100591.1	0.1238402	281.2827	110.2567	283.0387	1323.08	127.6185	133.1427	
2004	6	4	1	1	6	25.01689	6	1	1955	1958	2012	1	1	7	3	18	1	1	4	1	49	0.09546751	25.01689	2999.293	1	31.83099	11144.98	9817.514	23.33865	732.1127	23	0.3547559	30.86854	0.01212706	6	37.71746	-80.1106	877.0418	0.007794109	0.1819402	98238.87	98238.87	0.1238402	282.0599	102.7592	283.9092	1233.11	29.99293	9.284128	
2004	7	4	2	2	7	29.79322	7	2	1953	1954	2012	1	1	7	1	6	1	1	4	1	51	0.1622745	29.79322	5098.161	1	31.83099	8232.552	7105.332	9.815546	795.7747	25	0.2620503	19.03453	0.06183935	7	37.72218	-80.10972	744.2226	0.2248697	-0.1103151	90798.42	90798.42	0.1238402	281.0245	102.7592	283.9092	1233.11	50.98161	11.54455	
2004	7	4	2	2	8	1371.48	8	1	1908	1911	2012	1	2	5	3	14	1	1	1	1	96	2.072077	1371.48	65098.23	1	31.83099	8232.552	7105.332	9.815546	795.7747	25	0.2620503	19.03453	0.7896242	7	37.72218	-80.10972	744.2226	0.2248697	-0.1103151	90798.42	90798.42	0.1238402	281.0245	102.7592	283.9092	1233.11	650.9823	1252.698	
2005	1	1	2	2	1	2535.821	1	1	1845	1865	2012	1	2	6	20	37	1	1	2	1	160	4.145666	2535.821	130244	1	31.83099	26189.38	11088.63	20.54645	1177.747	37	0.833634	31.33305	1	1	37.91985	-79.84246	997.5121	0.03488264	-0.09616352	119731.7	119731.7	0.1393449	283.7976	87.86167	283.1775	1054.34	1302.44	2007.169	
2005	2	1	3	4	2	62.76502	2	1	1932	1934	2009	1	2	4	2	37	1	1	3	1	73	0.2219801	62.76502	6973.927	1	31.83099	8353.881	6000.166	17.36101	891.2677	28	0.2659123	17.86148	0.1208269	2	37.91554	-79.83873	868.6189	0.04166063	-0.09718033	118333.4	118333.4	0.1393449	284.0784	87.86167	283.1775	1054.34	69.73927	63.68211	
2005	3	2	1	1	3	1393.716	3	1	1908	1912	2012	1	2	3	4	13	1	1	1	1	97	2.024917	1393.716	63616.61	1	31.83099	20057.7	9433.954	28.44159	509.2958	16	0.6384564	28.6472	0.3961338	3	38.31762	-79.23926	941.822	0.008083133	0.1976616	110253.2	110253.2	0.1393449	282.921	82.90333	283.5413	994.84	636.1661	1255.212	
2005	4	3	2	1	4	431.1263	4	1	1910	1912	2012	1	2	2	2	31	1	1	1	1	95	0.6341913	431.1263	19924.33	1	31.83099	11260.99	8598.575	13.68815	1050.423	33	0.3584486	20.34602	0.257732	4	36.7579	-81.3064	1114.838	0.0279629	-0.07959976	94858.18	94858.18	0.1393449	279.4614	83.12	283.2904	997.44	199.2433	714.6894	
2005	5	3	3	1	5	83.50126	5	2	1913	1914	2012	1	2	1	1	25	1	1	1	1	92	0.4088676	83.50126	12845.35	1	31.83099	19262.28	14924.2	19.364	1336.902	42	0.6131373	29.16604	0.139582	5	36.76212	-81.30692	1000.51	0.07691931	-0.1967007	100591.1	100591.1	0.1393449	281.2796	83.12	283.2904	997.44	128.4535	132.8515	
2005	6	4	1	1	6	35.18859	6	1	1955	1958	2012	1	1	7	3	18	1	1	4	1	50	0.09658756	35.18859	3034.482	1	31.83099	10364.79	9921.863	23.58865	732.1127	23	0.3299215	31.19846	0.01219422	6	37.71746	-80.1106	877.0418	0.007794109	0.1819402	98238.87	98238.87	0.1393449	282.0705	79.93667	283.8875	959.24	30.34482	8.615899	
2005	7	4	2	2	7	91.1863	7	2	1953	1954	2012	1	1	7	1	6	1	1	4	1	52	0.1651769	91.1863	5189.348	1	31.83099	8266.977	7186.087	9.949383	795.7747	25	0.263146	19.29768	0.06258351	7	37.72218	-80.10972	744.2226	0.2248697	-0.1103151	90798.42	90798.42	0.1393449	281.0808	79.93667	283.8875	959.24	51.89348	10.84044	
2005	7	4	2	2	8	1103.338	8	1	1908	1911	2012	1	2	5	3	14	1	1	1	1	97	2.107196	1103.338	66201.57	1	31.83099	8266.977	7186.087	9.949383	795.7747	25	0.263146	19.29768	0.7983906	7	37.72218	-80.10972	744.2226	0.2248697	-0.1103151	90798.42	90798.42	0.1393449	281.0808	79.93667	283.8875	959.24	662.0157	1173.979	
2006	1	1	2	2	1	2396.243	1	1	1845	1865	2012	1	2	6	20	37	1	1	2	1	161	4.221939	2396.243	132640.2	1	31.83099	26987.09	11369.76	21.25648	1177.747	37	0.8590259	32.19208	1	1	37.91985	-79.84246	997.5121	0.03488264	-0.09616352	119731.7	119731.7	0.4871239	284.1952	101.5675	283.7583	1218.81	1326.402	2060.847	
2006	2	1	3	4	2	43.59266	2	1	1932	1934	2009	1	2	4	2	37	1	1	3	1	74	0.2233677	43.59266	7017.52	1	31.83099	7034.095	6084.347	17.56735	891.2677	28	0.2239022	18.08539	0.1196644	2	37.91554	-79.83873	868.6189	0.04166063	-0.09718033	118333.4	118333.4	0.4871239	284.468	101.5675	283.7583	1218.81	70.1752	61.73091	
2006	3	2	1	1	3	1240.494	3	1	1908	1912	2012	1	2	3	4	13	1	1	1	1	98	2.064401	1240.494	64857.1	1	31.83099	17790.18	9619.723	28.99183	509.2958	16	0.5662789	29.21348	0.3879745	3	38.31762	-79.23926	941.822	0.008083133	0.1976616	110253.2	110253.2	0.4871239	283.3375	93.0475	283.9875	1116.57	648.571	1360.285	
2006	4	3	2	1	4	713.2773	4	1	1910	1912	2012	1	2	2	2	31	1	1	1	1	96	0.6568949	713.2773	20637.6	1	31.83099	11852.96	8744.652	13.92724	1050.423	33	0.3772914	20.72332	0.2640034	4	36.7579	-81.3064	1114.838	0.0279629	-0.07959976	94858.18	94858.18	0.4871239	279.8791	95.74833	283.3446	1148.98	206.376	781.6158	
2006	5	3	3	1	5	87.85817	5	2	1913	1914	2012	1	2	1	1	25	1	1	1	1	93	0.4116641	87.85817	12933.21	1	31.83099	18176.31	15152.14	19.65832	1336.902	42	0.5785698	29.74461	0.1391742	5	36.76212	-81.30692	1000.51	0.07691931	-0.1967007	100591.1	100591.1	0.4871239	281.6988	95.74833	283.3446	1148.98	129.3321	141.0873	
2006	6	4	1	1	6	27.27696	6	1	1955	1958	2012	1	1	7	3	18	1	1	4	1	51	0.09745578	27.27696	3061.759	1	31.83099	10415.99	10026.46	23.83946	732.1127	23	0.3315513	31.53002	0.01222569	6	37.71746	-80.1106	877.0418	0.007794109	0.1819402	98238.87	98238.87	0.4871239	282.468	91.2	284.1358	1094.4	30.61759	9.534807	
2006	7	4	2	2	7	65.60431	7	2	1953	1954	2012	1	1	7	1	6	1	1	4	1	53	0.1672651	65.60431	5254.952	1	31.83099	8246.92	7266.25	10.08134	795.7747	25	0.2625076	19.56019	0.06301138	7	37.72218	-80.10972	744.2226	0.2248697	-0.1103151	90798.42	90798.42	0.4871239	281.4382	91.2	284.1358	1094.4	52.54952	12.08095	
2006	7	4	2	2	8	1102.626	8	1	1908	1911	2012	1	2	5	3	14	1	1	1	1	98	2.142292	1102.626	67304.19	1	31.83099	8246.92	7266.25	10.08134	795.7747	25	0.2625076	19.56019	0.807035	7	37.72218	-80.10972	744.2226	0.2248697	-0.1103151	90798.42	90798.42	0.4871239	281.4382	91.2	284.1358	1094.4	673.0419	1311.087	
2007	1	1	2	2	1	2457.043	1	1	1845	1865	2012	1	2	6	20	37	1	1	2	1	162	4.300146	2457.043	135097.3	1	31.83099	24986.23	11630.29	21.90094	1177.747	37	0.7953364	32.98741	1	1	37.91985	-79.84246	997.5121	0.03488264	-0.09616352	119731.7	119731.7	0.4401975	284.1173	93.84583	283.7379	1126.15	1350.973	2111.756	
2007	2	1	3	4	2	108.669	2	1	1932	1934	2009	1	2	4	2	37	1	1	3	1	75	0.2268266	108.669	7126.189	1	31.83099	8011.005	6178.101	17.80417	891.2677	28	0.2549982	18.34038	0.1196075	2	37.91554	-79.83873	868.6189	0.04166063	-0.09718033	118333.4	118333.4	0.4401975	284.3938	93.84583	283.7379	1126.15	71.26189	62.50924	
2007	3	2	1	1	3	1284.434	3	1	1908	1912	2012	1	2	3	4	13	1	1	1	1	99	2.105285	1284.434	66141.53	1	31.83099	16824.64	9795.706	29.51091	509.2958	16	0.535545	29.74902	0.3855124	3	38.31762	-79.23926	941.822	0.008083133	0.1976616	110253.2	110253.2	0.4401975	283.2647	76.10333	284.0296	913.24	661.4153	1182.233	
2007	4	3	2	1	4	652.1421	4	1	1910	1912	2012	1	2	2	2	31	1	1	1	1	97	0.6776526	652.1421	21289.74	1	31.83099	10999.74	8881.48	14.13688	1050.423	33	0.3501325	21.07345	0.2698	4	36.7579	-81.3064	1114.838	0.0279629	-0.07959976	94858.18	94858.18	0.4401975	279.8005	76.65167	283.7879	919.82	212.8974	681.4117	
2007	5	3	3	1	5	98.4173	5	2	1913	1914	2012	1	2	1	1	25	1	1	1	1	94	0.4147967	98.4173	13031.63	1	31.83099	16743.42	15364.38	19.90266	1336.902	42	0.5329596	30.27757	0.1388559	5	36.76212	-81.30692	1000.51	0.07691931	-0.1967007	100591.1	100591.1	0.4401975	281.6256	76.65167	283.7879	919.82	130.3163	120.7036	
2007	6	4	1	1	6	17.23313	6	1	1955	1958	2012	1	1	7	3	18	1	1	4	1	52	0.09800431	17.23313	3078.992	1	31.83099	11487.27	10141.52	24.12354	732.1127	23	0.3656511	31.89567	0.01220153	6	37.71746	-80.1106	877.0418	0.007794109	0.1819402	98238.87	98238.87	0.4401975	282.3994	76.13667	284.3446	913.64	30.78992	8.24898	
2007	7	4	2	2	7	46.15667	7	2	1953	1954	2012	1	1	7	1	6	1	1	4	1	54	0.1687343	46.15667	5301.109	1	31.83099	9298.409	7356.538	10.24552	795.7747	25	0.2959775	19.85617	0.06306943	7	37.72218	-80.10972	744.2226	0.2248697	-0.1103151	90798.42	90798.42	0.4401975	281.3665	76.13667	284.3446	913.64	53.01109	10.45946	
2007	7	4	2	2	8	1526.568	8	1	1908	1911	2012	1	2	5	3	14	1	1	1	1	99	2.190883	1526.568	68830.76	1	31.83099	9298.409	7356.538	10.24552	795.7747	25	0.2959775	19.85617	0.8189074	7	37.72218	-80.10972	744.2226	0.2248697	-0.1103151	90798.42	90798.42	0.4401975	281.3665	76.13667	284.3446	913.64	688.3076	1146.745	
2008	1	1	2	2	1	2904.037	1	1	1845	1865	2012	1	2	6	20	37	1	1	2	1	163	4.392582	2904.037	138001.3	1	31.83099	22326.6	11863.64	22.45889	1177.747	37	0.7106776	33.69809	1	1	37.91985	-79.84246	997.5121	0.03488264	-0.09616352	119731.7	119731.7	-0.2126073	283.4787	84.37333	282.8988	1012.48	1380.013	2015.444	
2008	2	1	3	4	2	66.84673	2	1	1932	1934	2009	1	2	4	2	37	1	1	3	1	76	0.2289543	66.84673	7193.036	1	31.83099	7576.436	6267.315	18.02653	891.2677	28	0.2411654	18.58155	0.1187163	2	37.91554	-79.83873	868.6189	0.04166063	-0.09718033	118333.4	118333.4	-0.2126073	283.7515	84.37333	282.8988	1012.48	71.93036	56.95282	
2008	3	2	1	1	3	1055.918	3	1	1908	1912	2012	1	2	3	4	13	1	1	1	1	100	2.138895	1055.918	67197.45	1	31.83099	12536.41	9928.677	29.89309	509.2958	16	0.3990465	30.14807	0.388109	3	38.31762	-79.23926	941.822	0.008083133	0.1976616	110253.2	110253.2	-0.2126073	282.5741	75.57417	283.4038	906.89	671.9745	1162.903	
2008	4	3	2	1	4	643.4409	4	1	1910	1912	2012	1	2	2	2	31	1	1	1	1	98	0.6981333	643.4409	21933.19	1	31.83099	10315.69	9010.75	14.32248	1050.423	33	0.3283585	21.40181	0.2754244	4	36.7579	-81.3064	1114.838	0.0279629	-0.07959976	94858.18	94858.18	-0.2126073	279.1065	80.1325	282.5379	961.59	219.3319	698.9052	
2008	5	3	3	1	5	76.11034	5	2	1913	1914	2012	1	2	1	1	25	1	1	1	1	95	0.4172193	76.11034	13107.74	1	31.83099	17048.25	15578.3	20.15236	1336.902	42	0.5426625	30.82023	0.1374764	5	36.76212	-81.30692	1000.51	0.07691931	-0.1967007	100591.1	100591.1	-0.2126073	280.9314	80.1325	282.5379	961.59	131.0774	117.2626	
2008	6	4	1	1	6	25.4253	6	1	1955	1958	2012	1	1	7	3	18	1	1	4	1	53	0.0988136	25.4253	3104.417	1	31.83099	9823.511	10239.67	24.35383	732.1127	23	0.3126921	32.20836	0.01221263	6	37.71746	-80.1106	877.0418	0.007794109	0.1819402	98238.87	98238.87	-0.2126073	281.7102	76.79583	283.5417	921.55	31.04417	8.172192	
2008	7	4	2	2	7	31.7615	7	2	1953	1954	2012	1	1	7	1	6	1	1	4	1	55	0.1697453	31.7615	5332.87	1	31.83099	8251.546	7435.965	10.37513	795.7747	25	0.2626549	20.11882	0.06300492	7	37.72218	-80.10972	744.2226	0.2248697	-0.1103151	90798.42	90798.42	-0.2126073	280.7266	76.79583	283.5417	921.55	53.3287	10.32853	
2008	7	4	2	2	8	1190.488	8	1	1908	1911	2012	1	2	5	3	14	1	1	1	1	100	2.228776	1190.488	70021.25	1	31.83099	8251.546	7435.965	10.37513	795.7747	25	0.2626549	20.11882	0.8272624	7	37.72218	-80.10972	744.2226	0.2248697	-0.1103151	90798.42	90798.42	-0.2126073	280.7266	76.79583	283.5417	921.55	700.2125	1142.96	
2009	1	1	2	2	1	1677.072	1	1	1845	1865	2012	1	2	6	20	37	1	1	2	1	164	4.445963	1677.072	139678.4	1	31.83099	21620.94	12089.35	22.99251	1177.747	37	0.6882158	34.38631	1	1	37.91985	-79.84246	997.5121	0.03488264	-0.09616352	119731.7	119731.7	-0.3250022	283.371	113.0683	282.7754	1356.82	1396.784	1878.621	
2009	3	2	1	1	3	775.23	3	1	1908	1912	2012	1	2	3	4	13	1	1	1	1	101	2.16357	775.23	67972.68	1	31.83099	10639.88	10042.55	30.21449	509.2958	16	0.3386779	30.48675	0.3893014	3	38.31762	-79.23926	941.822	0.008083133	0.1976616	110253.2	110253.2	-0.3250022	282.4482	93.885	282.9958	1126.62	679.7268	1366.354	
2009	4	3	2	1	4	795.8242	4	1	1910	1912	2012	1	2	2	2	31	1	1	1	1	99	0.7234644	795.8242	22729.01	1	31.83099	12047.2	9156.619	14.5609	1050.423	33	0.3834742	21.78528	0.2826461	4	36.7579	-81.3064	1114.838	0.0279629	-0.07959976	94858.18	94858.18	-0.3250022	278.9574	116.3517	282.3746	1396.22	227.2901	646.1989	
2009	5	3	3	1	5	105.2613	5	2	1913	1914	2012	1	2	1	1	25	1	1	1	1	96	0.4205698	105.2613	13213	1	31.83099	19000.01	15810.38	20.45982	1336.902	42	0.604789	31.42502	0.1358325	5	36.76212	-81.30692	1000.51	0.07691931	-0.1967007	100591.1	100591.1	-0.3250022	280.7885	116.3517	282.3746	1396.22	132.13	100.8436	
2009	6	4	1	1	6	33.71172	6	1	1955	1958	2012	1	1	7	3	18	1	1	4	1	54	0.09988665	33.71172	3138.129	1	31.83099	8654.044	10325.87	24.54606	732.1127	23	0.2754668	32.48383	0.01228149	6	37.71746	-80.1106	877.0418	0.007794109	0.1819402	98238.87	98238.87	-0.3250022	281.5722	108.55	283.5188	1302.6	31.38129	8.743138	
2009	7	4	2	2	7	81.13438	7	2	1953	1954	2012	1	1	7	1	6	1	1	4	1	56	0.1723278	81.13438	5414.005	1	31.83099	7255.637	7505.043	10.4718	795.7747	25	0.2309541	20.34977	0.06373288	7	37.72218	-80.10972	744.2226	0.2248697	-0.1103151	90798.42	90798.42	-0.3250022	280.5826	108.55	283.5188	1302.6	54.14005	11.14792	
2009	7	4	2	2	8	685.9997	8	1	1908	1911	2012	1	2	5	3	14	1	1	1	1	101	2.250612	685.9997	70707.25	1	31.83099	7255.637	7505.043	10.4718	795.7747	25	0.2309541	20.34977	0.8323555	7	37.72218	-80.10972	744.2226	0.2248697	-0.1103151	90798.42	90798.42	-0.3250022	280.5826	108.55	283.5188	1302.6	707.0725	1226.885	
2010	1	1	2	2	1	2410.91	1	1	1845	1865	2012	1	2	6	20	37	1	1	2	1	165	4.522702	2410.91	142089.3	1	31.83099	17396.01	12272.22	23.38978	1177.747	37	0.5537322	34.94004	1	1	37.91985	-79.84246	997.5121	0.03488264	-0.09616352	119731.7	119731.7	-0.03439172	283.6013	81.76333	282.9446	981.16	1420.893	2005.203	
2010	3	2	1	1	3	990.4348	3	1	1908	1912	2012	1	2	3	4	13	1	1	1	1	102	2.195096	990.4348	68963.12	1	31.83099	11969.02	10169.59	30.57778	509.2958	16	0.3809858	30.86773	0.3885639	3	38.31762	-79.23926	941.822	0.008083133	0.1976616	110253.2	110253.2	-0.03439172	282.7252	67.63083	283.4096	811.57	689.6312	1015.405	
2010	4	3	2	1	4	601.1701	4	1	1910	1912	2012	1	2	2	2	31	1	1	1	1	100	0.7425996	601.1701	23330.18	1	31.83099	11930.76	9300.607	14.79334	1050.423	33	0.379768	22.16505	0.2881158	4	36.7579	-81.3064	1114.838	0.0279629	-0.07959976	94858.18	94858.18	-0.03439172	279.2645	85.59167	282.3996	1027.1	233.3018	757.6904	
2010	5	3	3	1	5	28.96674	5	2	1913	1914	2012	1	2	1	1	25	1	1	1	1	97	0.4214918	28.96674	13241.97	1	31.83099	18739.33	16038.47	20.75463	1336.902	42	0.5964912	32.02151	0.1336547	5	36.76212	-81.30692	1000.51	0.07691931	-0.1967007	100591.1	100591.1	-0.03439172	281.0617	85.59167	282.3996	1027.1	132.4197	107.076	
2010	6	4	1	1	6	41.09203	6	1	1955	1958	2012	1	1	7	3	18	1	1	4	1	55	0.1011946	41.09203	3179.221	1	31.83099	8576.485	10411.03	24.735	732.1127	23	0.272998	32.75682	0.0123717	6	37.71746	-80.1106	877.0418	0.007794109	0.1819402	98238.87	98238.87	-0.03439172	281.8834	78.93917	283.6133	947.27	31.79221	8.480692	
2010	7	4	2	2	7	85.75291	7	2	1953	1954	2012	1	1	7	1	6	1	1	4	1	57	0.1750573	85.75291	5499.758	1	31.83099	8322.926	7584.403	10.60119	795.7747	25	0.264927	20.6147	0.06441496	7	37.72218	-80.10972	744.2226	0.2248697	-0.1103151	90798.42	90798.42	-0.03439172	280.8808	78.93917	283.6133	947.27	54.99758	10.93493	
2010	7	4	2	2	8	1049.566	8	1	1908	1911	2012	1	2	5	3	14	1	1	1	1	102	2.284019	1049.566	71756.81	1	31.83099	8322.926	7584.403	10.60119	795.7747	25	0.264927	20.6147	0.8404393	7	37.72218	-80.10972	744.2226	0.2248697	-0.1103151	90798.42	90798.42	-0.03439172	280.8808	78.93917	283.6133	947.27	717.5681	1200.399	
2011	1	1	2	2	1	2064.496	1	1	1845	1865	2012	1	2	6	20	37	1	1	2	1	166	4.588415	2064.496	144153.8	1	31.83099	15549.29	12436.04	23.7264	1177.747	37	0.4949492	35.43499	1	1	37.91985	-79.84246	997.5121	0.03488264	-0.09616352	119731.7	119731.7	0.590676	284.2709	93.4925	283.6442	1121.91	1441.538	2204.948	
2011	3	2	1	1	3	714.4685	3	1	1908	1912	2012	1	2	3	4	13	1	1	1	1	103	2.217838	714.4685	69677.58	1	31.83099	12947.73	10306.28	30.9718	509.2958	16	0.412139	31.27987	0.383711	3	38.31762	-79.23926	941.822	0.008083133	0.1976616	110253.2	110253.2	0.590676	283.4486	94.88333	284.0654	1138.6	696.7758	1418.25	
2011	4	3	2	1	4	750.4335	4	1	1910	1912	2012	1	2	2	2	31	1	1	1	1	101	0.7664859	750.4335	24080.61	1	31.83099	11849.91	9443.07	15.02092	1050.423	33	0.3771942	22.54224	0.2935004	4	36.7579	-81.3064	1114.838	0.0279629	-0.07959976	94858.18	94858.18	0.590676	279.9983	106.0725	283.1875	1272.87	240.8061	784.8363	
2011	5	3	3	1	5	43.50784	5	2	1913	1914	2012	1	2	1	1	25	1	1	1	1	98	0.4228766	43.50784	13285.47	1	31.83099	18820.14	16266.01	21.04766	1336.902	42	0.5990635	32.62058	0.1317073	5	36.76212	-81.30692	1000.51	0.07691931	-0.1967007	100591.1	100591.1	0.590676	281.7999	106.0725	283.1875	1272.87	132.8547	100.8329	
2011	6	4	1	1	6	41.34336	6	1	1955	1958	2012	1	1	7	3	18	1	1	4	1	56	0.1025106	41.34336	3220.564	1	31.83099	9855.403	10508.73	24.96381	732.1127	23	0.3137072	33.07053	0.01244033	6	37.71746	-80.1106	877.0418	0.007794109	0.1819402	98238.87	98238.87	0.590676	282.5843	94.7875	284.4925	1137.45	32.20564	9.659338	
2011	7	4	2	2	7	51.22021	7	2	1953	1954	2012	1	1	7	1	6	1	1	4	1	58	0.1766876	51.22021	5550.978	1	31.83099	8851.265	7668.655	10.74616	795.7747	25	0.2817445	20.89645	0.06445144	7	37.72218	-80.10972	744.2226	0.2248697	-0.1103151	90798.42	90798.42	0.590676	281.5269	94.7875	284.4925	1137.45	55.50978	12.49298	
2011	7	4	2	2	8	1263.253	8	1	1908	1911	2012	1	2	5	3	14	1	1	1	1	103	2.324229	1263.253	73020.07	1	31.83099	8851.265	7668.655	10.74616	795.7747	25	0.2817445	20.89645	0.8478233	7	37.72218	-80.10972	744.2226	0.2248697	-0.1103151	90798.42	90798.42	0.590676	281.5269	94.7875	284.4925	1137.45	730.2007	1382.416	

Likelihood History
Iteration	Temperature	Likelihood
0	3	-1198.665	
1000	3	-1198.665	
2000	2.85	-1198.665	
3000	2.85	-1198.665	
4000	2.7075	-1198.665	
5000	2.7075	-1198.665	
6000	2.572125	-1198.665	
7000	2.572125	-1198.665	
8000	2.443519	-1198.665	
9000	2.443519	-1198.665	
10000	2.321343	-1198.665	
11000	2.321343	-1198.665	
12000	2.205276	-1198.665	
13000	2.205276	-1198.665	
14000	2.095012	-1198.665	
14243.56	2.095012	-1198.517	
14267.94	2.095012	-1198.481	
15000	2.095012	-1198.481	
16000	1.990261	-1198.481	
17000	1.990261	-1198.481	
18000	1.890748	-1198.481	
19000	1.890748	-1198.481	
20000	1.796211	-1198.481	
21000	1.796211	-1198.481	
22000	1.7064	-1198.481	
22583.69	1.7064	-1198.308	
23000	1.7064	-1198.308	
24000	1.62108	-1198.308	
25000	1.62108	-1198.308	
26000	1.540026	-1198.308	
27000	1.540026	-1198.308	
27704.12	1.540026	-1198.306	
27795.31	1.540026	-1197.801	
27795.38	1.540026	-1197.744	
27795.5	1.540026	-1197.732	
27795.69	1.540026	-1197.65	
28000	1.463025	-1197.65	
28534.19	1.463025	-1197.54	
29000	1.463025	-1197.54	
30000	1.389874	-1197.54	
31000	1.389874	-1197.54	
31558.88	1.389874	-1197.527	
31799.62	1.389874	-1197.194	
32000	1.32038	-1197.194	
33000	1.32038	-1197.194	
34000	1.254361	-1197.194	
35000	1.254361	-1197.194	
36000	1.191643	-1197.194	
37000	1.191643	-1197.194	
38000	1.132061	-1197.194	
39000	1.132061	-1197.194	
40000	1.075458	-1197.194	
41000	1.075458	-1197.194	
42000	1.021685	-1197.194	
43000	1.021685	-1197.194	
44000	0.9706006	-1197.194	
45000	0.9706006	-1197.194	
46000	0.9220706	-1197.194	
47000	0.9220706	-1197.194	
48000	0.8759671	-1197.194	
49000	0.8759671	-1197.194	
50000	0.8321687	-1197.194	
51000	0.8321687	-1197.194	
51967.81	0.8321687	-1197.094	
52000	0.7905603	-1197.094	
52807.75	0.7905603	-1196.789	
53000	0.7905603	-1196.789	
54000	0.7510323	-1196.789	
55000	0.7510323	-1196.789	
56000	0.7134807	-1196.789	
57000	0.7134807	-1196.789	
58000	0.6778066	-1196.789	
59000	0.6778066	-1196.789	
60000	0.6439163	-1196.789	
61000	0.6439163	-1196.789	
62000	0.6117205	-1196.789	
63000	0.6117205	-1196.789	
64000	0.5811345	-1196.789	
65000	0.5811345	-1196.789	
66000	0.5520777	-1196.789	
67000	0.5520777	-1196.789	
68000	0.5244738	-1196.789	
69000	0.5244738	-1196.789	
70000	0.4982502	-1196.789	
71000	0.4982502	-1196.789	
72000	0.4733376	-1196.789	
73000	0.4733376	-1196.789	
74000	0.4496708	-1196.789	
75000	0.4496708	-1196.789	
76000	0.4271872	-1196.789	
77000	0.4271872	-1196.789	
78000	0.4058279	-1196.789	
79000	0.4058279	-1196.789	
80000	0.3855365	-1196.789	
81000	0.3855365	-1196.789	
82000	0.3662596	-1196.789	
83000	0.3662596	-1196.789	
84000	0.3479467	-1196.789	
84837.88	0.3479467	-1196.749	
84838.12	0.3479467	-1196.749	
84838.19	0.3479467	-1196.679	
84838.94	0.3479467	-1196.672	
85000	0.3479467	-1196.672	
86000	0.3305493	-1196.672	
87000	0.3305493	-1196.672	
88000	0.3140219	-1196.672	
89000	0.3140219	-1196.672	
90000	0.2983208	-1196.672	
91000	0.2983208	-1196.672	
92000	0.2834047	-1196.672	
92849.75	0.2834047	-1196.609	
92849.81	0.2834047	-1196.588	
92909.25	0.2834047	-1196.584	
92909.31	0.2834047	-1196.509	
93000	0.2834047	-1196.509	
94000	0.2692345	-1196.509	
95000	0.2692345	-1196.509	
96000	0.2557728	-1196.509	
97000	0.2557728	-1196.509	
98000	0.2429841	-1196.509	
99000	0.2429841	-1196.509	
1e+05	0.2308349	-1196.509	
