Note: [none]
Total # of Iterations:	1e+05	
Sample size:	220	
Maximum likelihood:	# Parameters:	AIC corr:	AIC:	Slope:	R2:
-1700.653	16	3435.985	3433.305	1.002694	0.7437443	
Model:	overall.model
PDF:	dnorm
Support interval range:	1.92

Varying parameters:
Label	MLE	Lower S.I.	Upper S.I.	Std Err	Lower Bound	Upper Bound	Final step size
aa	1	0.86	1	N/A	0	1	0.512	
ab	0.01359362	0.008428041	0.02319348	N/A	0	1000	0.005245094	
gmax	6971.036	6622.484	7319.588	N/A	0	10000	198.1606	
ca	17.96333	15.98737	20.125	N/A	0	2000	2.628213	
cb	165.2035	142.075	191.917	N/A	0	1000	21.1705	
cc	5	4.9	5	N/A	0	5	0.3482993	
cd	0.006105745	0.005861515	0.006405379	N/A	0	5	0.0002590261	
ce	0	0	2.487837e-174	N/A	0	1000	9.518949e-72	
cf	1957.747	1608.93	2000	N/A	-100	2000	1240.596	
cg	-93.49302	-99.11187	-88.22585	N/A	-1000	1000	2.535979	
ta1	283.7287	283.7287	283.7287	N/A	250	325	0.1943468	
tb1	2.322271	1.997153	2.866394	N/A	0	500	0.5343452	
pa1	4999.896	4901.898	5000	N/A	100	5000	81.63035	
pb1	3144.791	3050.447	3239.134	N/A	0	10000	50.86866	
pc1	0.08346152	0	1	N/A	0	1	1	
sd	550.2751	506.2611	604.2421	N/A	0.1	1000	41.55286	

Non-varying parameters:
Label	Value
SIZE	BA.tree.cm2	
BA.PLOT	BA.m2ha.plot.live	
RS	RelBA	
TEMP	Tavg	
PRECIP	Precip.PRISM.sum	
FLOW	flow	
x	BAI	
mean	predicted	
log	TRUE	


Annealing regime:
Initial temp	Rt	ns	nt
3	0.95	20	100

Variance - Covariance Matrix:
[could not be calculated - Hessian matrix is singular]

Source data
Year	PlotID	Site	Trans	Plot	TreeID	BAI	CoreID	Pith	Pith.Yr	Inner	Outer	Bark	Use	Notes	Pith.offset	Tree	Spp	Genus	Canopy	Live	Age	BA.m2ha	BAI.filled	BA.tree	Stems	Density.Ha	BAI.filled.plot	BA.plot	BA.m2ha.plot	Density.ha.plot	Stems.plot	BAI.m2ha.plot	BA.m2ha.plot.live	RelBA	Site.Trans	Latitude	Longitude	elev	flow	TPI	sol	sol.lag	Anomaly	Tavg	Precip.PRISM	Tavg.PRISM	Precip.PRISM.sum	BA.tree.cm2	predicted	
1990	1	1	1	4	1	770.8505	1	1	1933	1939	2012	1	1	5	6	8	1	1	1	1	57	0.3537683	770.8505	11114.31	1	31.83099	13920.99	8116.357	15.76474	700.2817	22	0.4431189	20.84607	0.1668677	1	37.91874	-79.84931	1146.939	0.01342732	0.1730398	127071	127071	1.121213	283.7109	106.185	284.2363	1274.22	111.1431	723.2076	
1990	2	1	2	2	2	906.3397	2	1	1936	1953	2012	1	2	8	17	10	1	1	1	1	54	0.5822968	906.3397	18293.96	1	31.83099	15444.8	8514.444	15.12022	1145.916	36	0.4916232	23.89591	0.1734263	2	37.91985	-79.84246	997.5121	0.03488264	-0.09616352	119731.7	119731.7	1.121213	284.8461	106.185	284.2363	1274.22	182.9396	686.2282	
1990	3	2	2	2	3	91.80393	3	2	1953	1954	2013	1	1	4	1	4	1	1	3	1	37	0.0356821	91.80393	1121.021	1	31.83099	13445.82	4331.581	13.66629	891.2677	28	0.4279937	14.11023	0.01806872	3	37.23649	-80.85878	1006.101	0.03159261	-0.04174077	129249.5	129249.5	1.121213	284.8202	113.9617	284.2042	1367.54	11.21021	154.7047	
1990	4	3	1	1	4	2178.603	4	2	1889	1890	2012	1	2	1	1	12	1	1	1	1	101	0.9471459	2178.603	66936.11	1	14.14711	23098.57	16604.92	17.97307	537.59	38	0.326778	21.13155	0.311389	4	38.56657	-79.16857	1094.132	0.008329372	0.205676	112267.1	112267.1	1.121213	284.3522	87.96917	283.4683	1055.63	669.3611	1329.167	
1990	4	3	1	1	5	678.5305	5	1	1914	1916	2012	1	2	3	2	24	1	1	1	1	76	1.114592	678.5305	78769.74	1	14.14711	23098.57	16604.92	17.97307	537.59	38	0.326778	21.13155	0.3664394	4	38.56657	-79.16857	1094.132	0.008329372	0.205676	112267.1	112267.1	1.121213	284.3522	87.96917	283.4683	1055.63	787.6974	1944.267	
1990	5	3	1	3	6	1813.526	6	1	1833	1838	2012	1	2	9	5	11	1	1	1	1	157	3.259911	1813.526	230382.4	1	14.14711	17587.31	18372.22	18.37787	183.9124	13	0.2488095	27.50751	0.6398788	4	38.56833	-79.16862	1102.65	0.00787903	0.2099813	108006	108006	1.121213	283.7675	87.96917	283.4683	1055.63	2303.824	3175.18	
1990	6	4	1	1	7	310.6445	7	1	1916	1918	2012	1	2	2	2	8	1	1	1	1	74	1.16481	310.6445	36594.73	1	31.83099	6000.593	3705.667	10.81419	286.4789	9	0.1910048	53.11802	0.2962825	5	36.7531	-81.30619	1242.081	0.007867764	0.116471	108315.8	108315.8	1.121213	281.7585	121.6092	283.7846	1459.31	365.9473	532.5513	
1990	7	4	1	3	8	476.2784	8	2	1975	1976	2012	1	1	7	1	6	1	1	1	1	15	0.1134854	476.2784	3565.36	1	31.83099	9697.616	4134.703	4.219207	891.2677	28	0.3086847	6.07528	0.05604816	5	36.75242	-81.30829	1256.673	0.007666207	0.1800234	111993.8	111993.8	1.121213	281.8977	121.6092	283.7846	1459.31	35.6536	535.8116	
1990	8	4	2	2	9	123.3534	9	1	1915	1917	2012	1	1	7	2	10	1	1	1	1	75	0.0920612	123.3534	2892.278	1	31.83099	8503.116	6187.651	9.876577	763.9437	24	0.2706626	13.70111	0.05953945	6	36.75741	-81.30741	1129.348	0.0256407	-0.05699014	94447.43	94447.43	1.121213	280.431	121.6092	283.7846	1459.31	28.92278	152.5842	
1990	9	5	2	1	10	61.2181	10	1	1963	1966	2012	1	1	6	3	47	1	1	2	1	27	0.05031218	61.2181	1580.653	1	31.83099	9626.957	5587.276	6.645622	923.0987	29	0.3064356	12.99774	0.02255113	7	37.72242	-80.1086	738.0771	0.2374777	-0.09343816	90337.9	90337.9	1.121213	281.9779	95.4	285.0387	1144.8	15.80653	173.0437	
1991	1	1	1	4	1	456.7492	1	1	1933	1939	2012	1	1	5	6	8	1	1	1	1	58	0.3683067	456.7492	11571.05	1	31.83099	13053.3	8240.74	16.07851	700.2817	22	0.4154995	21.26157	0.1705183	1	37.91874	-79.84931	1146.939	0.01342732	0.1730398	127071	127071	0.9304098	283.4606	94.905	283.835	1138.86	115.7105	685.6416	
1991	2	1	2	2	2	698.6095	2	1	1936	1953	2012	1	2	8	17	10	1	1	1	1	55	0.6045335	698.6095	18992.57	1	31.83099	12924.87	8662.247	15.4106	1177.747	37	0.4114115	24.30732	0.1784373	2	37.91985	-79.84246	997.5121	0.03488264	-0.09616352	119731.7	119731.7	0.9304098	284.5958	94.905	283.835	1138.86	189.9257	682.1309	
1991	3	2	2	2	3	45.55561	3	2	1953	1954	2013	1	1	4	1	4	1	1	3	1	38	0.03713214	45.55561	1166.577	1	31.83099	11506.9	4452.717	14.03133	891.2677	28	0.366276	14.4765	0.01834999	3	37.23649	-80.85878	1006.101	0.03159261	-0.04174077	129249.5	129249.5	0.9304098	284.5924	86.9775	284.0425	1043.73	11.66577	145.377	
1991	4	3	1	1	4	1423.813	4	2	1889	1890	2012	1	2	1	1	12	1	1	1	1	102	0.9672929	1423.813	68359.92	1	14.14711	22358.7	16840.7	18.23366	537.59	38	0.316311	21.44787	0.3148478	4	38.56657	-79.16857	1094.132	0.008329372	0.205676	112267.1	112267.1	0.9304098	284.0982	83.3375	283.355	1000.05	683.5992	1351.649	
1991	4	3	1	1	5	514.571	5	1	1914	1916	2012	1	2	3	2	24	1	1	1	1	77	1.121873	514.571	79284.31	1	14.14711	22358.7	16840.7	18.23366	537.59	38	0.316311	21.44787	0.3651627	4	38.56657	-79.16857	1094.132	0.008329372	0.205676	112267.1	112267.1	0.9304098	284.0982	83.3375	283.355	1000.05	792.8431	1921.934	
1991	5	3	1	3	6	1009.511	6	1	1833	1838	2012	1	2	9	5	11	1	1	1	1	158	3.274195	1009.511	231391.9	1	14.14711	14140.01	18478.58	18.501	183.9124	13	0.2000403	27.70755	0.638087	4	38.56833	-79.16862	1102.65	0.00787903	0.2099813	108006	108006	0.9304098	283.5215	83.3375	283.355	1000.05	2313.919	3093.16	
1991	6	4	1	1	7	431.3657	7	1	1916	1918	2012	1	2	2	2	8	1	1	1	1	75	1.178541	431.3657	37026.09	1	31.83099	6126.67	3770.272	10.9993	286.4789	9	0.195018	53.31304	0.2970217	5	36.7531	-81.30619	1242.081	0.007867764	0.116471	108315.8	108315.8	0.9304098	281.5462	103.3292	283.3625	1239.95	370.2609	454.6262	
1991	7	4	1	3	8	323.6657	8	2	1975	1976	2012	1	1	7	1	6	1	1	1	1	16	0.1237877	323.6657	3889.026	1	31.83099	11599.33	4290.831	4.490289	891.2677	28	0.369218	6.444498	0.06044346	5	36.75242	-81.30829	1256.673	0.007666207	0.1800234	111993.8	111993.8	0.9304098	281.6752	103.3292	283.3625	1239.95	38.89026	476.6044	
1991	8	4	2	2	9	82.89909	9	1	1915	1917	2012	1	1	7	2	10	1	1	1	1	76	0.09469987	82.89909	2975.177	1	31.83099	8967.92	6310.684	10.06285	763.9437	24	0.2854577	13.98657	0.06059056	6	36.75741	-81.30741	1129.348	0.0256407	-0.05699014	94447.43	94447.43	0.9304098	280.247	103.3292	283.3625	1239.95	29.75177	126.6595	
1991	9	5	2	1	10	46.43525	10	1	1963	1966	2012	1	1	6	3	47	1	1	2	1	28	0.05179021	46.43525	1627.088	1	31.83099	9621.818	5706.208	6.839372	923.0987	29	0.306272	13.30401	0.02277839	7	37.72242	-80.1086	738.0771	0.2374777	-0.09343816	90337.9	90337.9	0.9304098	281.8145	87.6725	284.6058	1052.07	16.27088	159.6659	
1992	1	1	1	4	1	483.4232	1	1	1933	1939	2012	1	1	5	6	8	1	1	1	1	59	0.383694	483.4232	12054.48	1	31.83099	13212.52	8369.67	16.39652	732.1127	23	0.4205676	21.68214	0.1752203	1	37.91874	-79.84931	1146.939	0.01342732	0.1730398	127071	127071	-0.4797465	282.112	99.13417	282.5875	1189.61	120.5448	555.9212	
1992	2	1	2	2	2	1147.017	2	1	1936	1953	2012	1	2	8	17	10	1	1	1	1	56	0.6410431	1147.017	20139.59	1	31.83099	13835.75	8820.072	15.72815	1177.747	37	0.4404056	24.74772	0.1867903	2	37.91985	-79.84246	997.5121	0.03488264	-0.09616352	119731.7	119731.7	-0.4797465	283.1982	99.13417	282.5875	1189.61	201.3959	732.6366	
1992	3	2	2	2	3	52.64398	3	2	1953	1954	2013	1	1	4	1	4	1	1	3	1	39	0.03880779	52.64398	1219.221	1	31.83099	12979.58	4588.514	14.44304	891.2677	28	0.4131528	14.88966	0.01870851	3	37.23649	-80.85878	1006.101	0.03159261	-0.04174077	129249.5	129249.5	-0.4797465	283.35	114.6133	282.6708	1375.36	12.19221	178.6654	
1992	4	3	1	1	4	1915.649	4	2	1889	1890	2012	1	2	1	1	12	1	1	1	1	103	0.9943993	1915.649	70275.57	1	14.14711	24057.89	17092.94	18.51756	537.59	38	0.3403496	21.78822	0.3197668	4	38.56657	-79.16857	1094.132	0.008329372	0.205676	112267.1	112267.1	-0.4797465	282.6043	76.3625	281.8608	916.35	702.7557	1207.483	
1992	4	3	1	1	5	583.9969	5	1	1914	1916	2012	1	2	3	2	24	1	1	1	1	78	1.130136	583.9969	79868.3	1	14.14711	24057.89	17092.94	18.51756	537.59	38	0.3403496	21.78822	0.3634154	4	38.56657	-79.16857	1094.132	0.008329372	0.205676	112267.1	112267.1	-0.4797465	282.6043	76.3625	281.8608	916.35	798.683	1645.774	
1992	5	3	1	3	6	1343.479	6	1	1833	1838	2012	1	2	9	5	11	1	1	1	1	159	3.293206	1343.479	232735.4	1	14.14711	15187.47	18595.23	18.63867	183.9124	13	0.2148587	27.92241	0.6370108	4	38.56833	-79.16862	1102.65	0.00787903	0.2099813	108006	108006	-0.4797465	281.9822	76.3625	281.8608	916.35	2327.354	2261.78	
1992	6	4	1	1	7	359.5204	7	1	1916	1918	2012	1	2	2	2	8	1	1	1	1	76	1.189984	359.5204	37385.61	1	31.83099	4645.854	3820.003	11.13706	286.4789	9	0.1478821	53.46092	0.2980228	5	36.7531	-81.30619	1242.081	0.007867764	0.116471	108315.8	108315.8	-0.4797465	279.8912	125.2808	281.9021	1503.37	373.8561	200.4185	
1992	7	4	1	3	8	434.2372	8	2	1975	1976	2012	1	1	7	1	6	1	1	1	1	17	0.1376095	434.2372	4323.263	1	31.83099	9870.101	4429.397	4.705468	891.2677	28	0.3141751	6.758673	0.06681945	5	36.75242	-81.30829	1256.673	0.007666207	0.1800234	111993.8	111993.8	-0.4797465	280.0306	125.2808	281.9021	1503.37	43.23263	231.958	
1992	8	4	2	2	9	66.46314	9	1	1915	1917	2012	1	1	7	2	10	1	1	1	1	77	0.0968154	66.46314	3041.64	1	31.83099	8749.427	6430.879	10.24009	763.9437	24	0.2785029	14.26507	0.06125925	6	36.75741	-81.30741	1129.348	0.0256407	-0.05699014	94447.43	94447.43	-0.4797465	278.6804	125.2808	281.9021	1503.37	30.4164	40.65671	
1992	9	5	2	1	10	53.91751	10	1	1963	1966	2012	1	1	6	3	47	1	1	2	1	29	0.0535064	53.91751	1681.005	1	31.83099	8828.899	5816.624	7.006017	923.0987	29	0.2810326	13.58504	0.02320519	7	37.72242	-80.1086	738.0771	0.2374777	-0.09343816	90337.9	90337.9	-0.4797465	280.397	88.04417	283.4813	1056.53	16.81005	81.61769	
1993	1	1	1	4	1	446.1831	1	1	1933	1939	2012	1	1	5	6	8	1	1	1	1	60	0.397896	446.1831	12500.66	1	31.83099	14504.6	8514.463	16.75473	732.1127	23	0.4616957	22.14383	0.1786332	1	37.91874	-79.84931	1146.939	0.01342732	0.1730398	127071	127071	-0.1483372	282.3832	105.35	282.9688	1264.2	125.0066	617.2321	
1993	2	1	2	2	2	919.4527	2	1	1936	1953	2012	1	2	8	17	10	1	1	1	1	57	0.6703092	919.4527	21059.04	1	31.83099	13695.06	8975.904	16.03935	1177.747	37	0.4359273	25.18365	0.1921146	2	37.91985	-79.84246	997.5121	0.03488264	-0.09616352	119731.7	119731.7	-0.1483372	283.479	105.35	282.9688	1264.2	210.5904	770.7952	
1993	3	2	2	2	3	59.50373	3	2	1953	1954	2013	1	1	4	1	4	1	1	3	1	40	0.0407018	59.50373	1278.724	1	31.83099	12769.94	4722.15	14.84787	891.2677	28	0.4064799	15.29614	0.01897014	3	37.23649	-80.85878	1006.101	0.03159261	-0.04174077	129249.5	129249.5	-0.1483372	283.6209	109.0917	282.96	1309.1	12.78724	181.223	
1993	4	3	1	1	4	2008.478	4	2	1889	1890	2012	1	2	1	1	12	1	1	1	1	104	1.022819	2008.478	72284.05	1	14.14711	24446.38	17348.54	18.80621	537.59	38	0.3458455	22.13406	0.3248252	4	38.56657	-79.16857	1094.132	0.008329372	0.205676	112267.1	112267.1	-0.1483372	282.9004	84.80917	281.9692	1017.71	722.8405	1365.655	
1993	4	3	1	1	5	617.4141	5	1	1914	1916	2012	1	2	3	2	24	1	1	1	1	79	1.138873	617.4141	80485.72	1	14.14711	24446.38	17348.54	18.80621	537.59	38	0.3458455	22.13406	0.3616813	4	38.56657	-79.16857	1094.132	0.008329372	0.205676	112267.1	112267.1	-0.1483372	282.9004	84.80917	281.9692	1017.71	804.8572	1779.937	
1993	5	3	1	3	6	1653.906	6	1	1833	1838	2012	1	2	9	5	11	1	1	1	1	160	3.316608	1653.906	234389.3	1	14.14711	16780	18727.61	18.79859	183.9124	13	0.2373885	28.1598	0.635421	4	38.56833	-79.16862	1102.65	0.00787903	0.2099813	108006	108006	-0.1483372	282.2965	84.80917	281.9692	1017.71	2343.893	2586.055	
1993	6	4	1	1	7	506.7852	7	1	1916	1918	2012	1	2	2	2	8	1	1	1	1	77	1.206115	506.7852	37892.4	1	31.83099	5741.326	3880.624	11.30948	286.4789	9	0.1827521	53.64368	0.2994798	5	36.7531	-81.30619	1242.081	0.007867764	0.116471	108315.8	108315.8	-0.1483372	280.2509	105.3667	282.1475	1264.4	378.924	237.2799	
1993	7	4	1	3	8	421.0809	8	2	1975	1976	2012	1	1	7	1	6	1	1	1	1	18	0.1510125	421.0809	4744.344	1	31.83099	11562.93	4582.572	4.967146	891.2677	28	0.3680596	7.126733	0.07272012	5	36.75242	-81.30829	1256.673	0.007666207	0.1800234	111993.8	111993.8	-0.1483372	280.3769	105.3667	282.1475	1264.4	47.44344	278.9802	
1993	8	4	2	2	9	69.20277	9	1	1915	1917	2012	1	1	7	2	10	1	1	1	1	78	0.09901812	69.20277	3110.843	1	31.83099	8817.753	6551.107	10.41743	763.9437	24	0.2806778	14.54575	0.06151181	6	36.75741	-81.30741	1129.348	0.0256407	-0.05699014	94447.43	94447.43	-0.1483372	279.066	105.3667	282.1475	1264.4	31.10843	53.02994	
1993	9	5	2	1	10	65.59056	10	1	1963	1966	2012	1	1	6	3	47	1	1	2	1	30	0.05559415	65.59056	1746.596	1	31.83099	10015.46	5938.318	7.208564	923.0987	29	0.318802	13.90384	0.02366475	7	37.72242	-80.1086	738.0771	0.2374777	-0.09343816	90337.9	90337.9	-0.1483372	280.781	91.95917	283.7754	1103.51	17.46596	106.1107	
1994	1	1	1	4	1	613.1752	1	1	1933	1939	2012	1	1	5	6	8	1	1	1	1	61	0.4174134	613.1752	13113.84	1	31.83099	16556.91	8679.454	17.17722	732.1127	23	0.527023	22.67086	0.1830267	1	37.91874	-79.84931	1146.939	0.01342732	0.1730398	127071	127071	-0.1647616	282.4812	114.1417	282.9983	1369.7	131.1384	660.4443	
1994	2	1	2	2	2	995.43	2	1	1936	1953	2012	1	2	8	17	10	1	1	1	1	58	0.7019938	995.43	22054.47	1	31.83099	17306.89	9167.268	16.46366	1177.747	37	0.5508953	25.73455	0.1973829	2	37.91985	-79.84246	997.5121	0.03488264	-0.09616352	119731.7	119731.7	-0.1647616	283.5558	114.1417	282.9983	1369.7	220.5447	803.2559	
1994	3	2	2	2	3	59.62421	3	2	1953	1954	2013	1	1	4	1	4	1	1	3	1	41	0.04259964	59.62421	1338.349	1	31.83099	11668.46	4844.82	15.21779	923.0987	29	0.3714187	15.66756	0.01928701	3	37.23649	-80.85878	1006.101	0.03159261	-0.04174077	129249.5	129249.5	-0.1647616	283.6942	99.36833	282.91	1192.42	13.38349	178.1276	
1994	4	3	1	1	4	1893.244	4	2	1889	1890	2012	1	2	1	1	12	1	1	1	1	105	1.049609	1893.244	74177.29	1	14.14711	30782.42	17666.99	19.18378	537.59	38	0.4354821	22.56954	0.3291738	4	38.56657	-79.16857	1094.132	0.008329372	0.205676	112267.1	112267.1	-0.1647616	282.9851	90.06667	282.2063	1080.8	741.7729	1450.299	
1994	4	3	1	1	5	672.2103	5	1	1914	1916	2012	1	2	3	2	24	1	1	1	1	80	1.148385	672.2103	81157.93	1	14.14711	30782.42	17666.99	19.18378	537.59	38	0.4354821	22.56954	0.3601515	4	38.56657	-79.16857	1094.132	0.008329372	0.205676	112267.1	112267.1	-0.1647616	282.9851	90.06667	282.2063	1080.8	811.5793	1817.706	
1994	5	3	1	3	6	2372.457	6	1	1833	1838	2012	1	2	9	5	11	1	1	1	1	161	3.350179	2372.457	236761.7	1	14.14711	19331.42	18885.3	18.99434	183.9124	13	0.2734836	28.43328	0.6338952	4	38.56833	-79.16862	1102.65	0.00787903	0.2099813	108006	108006	-0.1647616	282.3611	90.06667	282.2063	1080.8	2367.617	2696.948	
1994	6	4	1	1	7	427.753	7	1	1916	1918	2012	1	2	2	2	8	1	1	1	1	78	1.21973	427.753	38320.15	1	31.83099	6001.49	3943.782	11.48998	286.4789	9	0.1910334	53.83471	0.300574	5	36.7531	-81.30619	1242.081	0.007867764	0.116471	108315.8	108315.8	-0.1647616	280.2882	107.6033	282.2404	1291.24	383.2015	247.5876	
1994	7	4	1	3	8	464.0813	8	2	1975	1976	2012	1	1	7	1	6	1	1	1	1	19	0.1657842	464.0813	5208.425	1	31.83099	11998.09	4737.386	5.234043	891.2677	28	0.381911	7.508644	0.07909109	5	36.75242	-81.30829	1256.673	0.007666207	0.1800234	111993.8	111993.8	-0.1647616	280.4331	107.6033	282.2404	1291.24	52.08425	304.6857	
1994	8	4	2	2	9	76.20271	9	1	1915	1917	2012	1	1	7	2	10	1	1	1	1	79	0.1014437	76.20271	3187.045	1	31.83099	7791.826	6660.424	10.56004	763.9437	24	0.2480215	14.79377	0.06216515	6	36.75741	-81.30741	1129.348	0.0256407	-0.05699014	94447.43	94447.43	-0.1647616	279.009	107.6033	282.2404	1291.24	31.87045	51.42541	
1994	9	5	2	1	10	62.76902	10	1	1963	1966	2012	1	1	6	3	47	1	1	2	1	31	0.05759209	62.76902	1809.365	1	31.83099	9480.058	6054.073	7.392202	923.0987	29	0.3017596	14.2056	0.02413242	7	37.72242	-80.1086	738.0771	0.2374777	-0.09343816	90337.9	90337.9	-0.1647616	280.6626	89.57833	283.8608	1074.94	18.09365	99.99179	
1995	1	1	1	4	1	859.3626	1	1	1933	1939	2012	1	1	5	6	8	1	1	1	1	62	0.4447669	859.3626	13973.2	1	31.83099	17223.44	8850.784	17.61989	732.1127	23	0.5482391	23.2191	0.1905024	1	37.91874	-79.84931	1146.939	0.01342732	0.1730398	127071	127071	-0.2506454	282.2887	102.4092	282.7788	1228.91	139.732	605.4097	
1995	2	1	2	2	2	826.5012	2	1	1936	1953	2012	1	2	8	17	10	1	1	1	1	59	0.7283013	826.5012	22880.97	1	31.83099	16179.9	9346.775	16.85022	1177.747	37	0.5150222	26.24957	0.2000189	2	37.91985	-79.84246	997.5121	0.03488264	-0.09616352	119731.7	119731.7	-0.2506454	283.3858	102.4092	282.7788	1228.91	228.8097	751.346	
1995	3	2	2	2	3	72.27705	3	2	1953	1954	2013	1	1	4	1	4	1	1	3	1	42	0.04490022	72.27705	1410.626	1	31.83099	13402.55	4984.651	15.64234	923.0987	29	0.4266166	16.09417	0.01962778	3	37.23649	-80.85878	1006.101	0.03159261	-0.04174077	129249.5	129249.5	-0.2506454	283.5365	110.9967	282.6096	1331.96	14.10626	192.9077	
1995	4	3	1	1	4	2619.558	4	2	1889	1890	2012	1	2	1	1	12	1	1	1	1	106	1.086675	2619.558	76796.85	1	14.14711	36074.05	18037.83	19.63549	537.59	38	0.5103434	23.07989	0.3359699	4	38.56657	-79.16857	1094.132	0.008329372	0.205676	112267.1	112267.1	-0.2506454	282.7939	91.10667	281.9913	1093.28	767.9685	1473.084	
1995	4	3	1	1	5	1277.93	5	1	1914	1916	2012	1	2	3	2	24	1	1	1	1	81	1.166467	1277.93	82435.86	1	14.14711	36074.05	18037.83	19.63549	537.59	38	0.5103434	23.07989	0.3606393	4	38.56657	-79.16857	1094.132	0.008329372	0.205676	112267.1	112267.1	-0.2506454	282.7939	91.10667	281.9913	1093.28	824.3586	1767.702	
1995	5	3	1	3	6	2826.629	6	1	1833	1838	2012	1	2	9	5	11	1	1	1	1	162	3.390175	2826.629	239588.4	1	14.14711	21618.77	19065.67	19.22219	183.9124	13	0.305843	28.73912	0.6330613	4	38.56833	-79.16862	1102.65	0.00787903	0.2099813	108006	108006	-0.2506454	282.1813	91.10667	281.9913	1093.28	2395.884	2581.759	
1995	6	4	1	1	7	462.3572	7	1	1916	1918	2012	1	2	2	2	8	1	1	1	1	79	1.234447	462.3572	38782.51	1	31.83099	7178.79	4018.648	11.70774	286.4789	9	0.228508	54.06322	0.3016829	5	36.7531	-81.30619	1242.081	0.007867764	0.116471	108315.8	108315.8	-0.2506454	280.1237	123.8567	282.1346	1486.28	387.8251	240.7536	
1995	7	4	1	3	8	598.8068	8	2	1975	1976	2012	1	1	7	1	6	1	1	1	1	20	0.1848442	598.8068	5807.232	1	31.83099	13471.16	4911.526	5.562452	891.2677	28	0.4288004	7.937444	0.08752173	5	36.75242	-81.30829	1256.673	0.007666207	0.1800234	111993.8	111993.8	-0.2506454	280.2572	123.8567	282.1346	1486.28	58.07232	307.8041	
1995	8	4	2	2	9	69.61612	9	1	1915	1917	2012	1	1	7	2	10	1	1	1	1	80	0.1036595	69.61612	3256.661	1	31.83099	9558.717	6786.757	10.75682	763.9437	24	0.3042634	15.09804	0.06233566	6	36.75741	-81.30741	1129.348	0.0256407	-0.05699014	94447.43	94447.43	-0.2506454	278.9125	123.8567	282.1346	1486.28	32.56661	50.93116	
1995	9	5	2	1	10	54.14409	10	1	1963	1966	2012	1	1	6	3	47	1	1	2	1	32	0.0593155	54.14409	1863.509	1	31.83099	10299.11	6177.431	7.600044	923.0987	29	0.3278309	14.53343	0.0243773	7	37.72242	-80.1086	738.0771	0.2374777	-0.09343816	90337.9	90337.9	-0.2506454	280.6331	93.95167	283.49	1127.42	18.63509	101.5943	
1996	1	1	1	4	1	524.2507	1	1	1933	1939	2012	1	1	5	6	8	1	1	1	1	63	0.4614538	524.2507	14497.45	1	31.83099	12277.47	8972.328	17.9041	732.1127	23	0.3908039	23.6099	0.1947084	1	37.91874	-79.84931	1146.939	0.01342732	0.1730398	127071	127071	-0.7817626	281.7964	133.8492	282.0079	1606.19	144.9745	598.4018	
1996	2	1	2	2	2	688.9275	2	1	1936	1953	2012	1	2	8	17	10	1	1	1	1	60	0.7502299	688.9275	23569.9	1	31.83099	12531.45	9489.212	17.11879	1177.747	37	0.3988884	26.64846	0.2039069	2	37.91985	-79.84246	997.5121	0.03488264	-0.09616352	119731.7	119731.7	-0.7817626	282.8678	133.8492	282.0079	1606.19	235.699	812.6974	
1996	3	2	2	2	3	68.03724	3	2	1953	1954	2013	1	1	4	1	4	1	1	3	1	43	0.04706584	68.03724	1478.663	1	31.83099	12728.23	5117.675	16.04522	923.0987	29	0.4051521	16.49932	0.01991859	3	37.23649	-80.85878	1006.101	0.03159261	-0.04174077	129249.5	129249.5	-0.7817626	283.0694	118.2067	282.0371	1418.48	14.78663	196.9932	
1996	4	3	1	1	4	3817.176	4	2	1889	1890	2012	1	2	1	1	12	1	1	1	1	107	1.140688	3817.176	80614.03	1	14.14711	27838.78	18325.79	19.96994	537.59	38	0.3938382	23.47372	0.348966	4	38.56657	-79.16857	1094.132	0.008329372	0.205676	112267.1	112267.1	-0.7817626	282.2505	142.7142	281.3012	1712.57	806.1403	1789.102	
1996	4	3	1	1	5	748.8205	5	1	1914	1916	2012	1	2	3	2	24	1	1	1	1	82	1.177063	748.8205	83184.68	1	14.14711	27838.78	18325.79	19.96994	537.59	38	0.3938382	23.47372	0.3600939	4	38.56657	-79.16857	1094.132	0.008329372	0.205676	112267.1	112267.1	-0.7817626	282.2505	142.7142	281.3012	1712.57	831.8468	1943.344	
1996	5	3	1	3	6	2103.84	6	1	1833	1838	2012	1	2	9	5	11	1	1	1	1	163	3.419945	2103.84	241692.2	1	14.14711	20656.45	19236.23	19.43613	183.9124	13	0.292229	29.03135	0.6325663	4	38.56833	-79.16862	1102.65	0.00787903	0.2099813	108006	108006	-0.7817626	281.6245	142.7142	281.3012	1712.57	2416.922	2678.594	
1996	6	4	1	1	7	378.267	7	1	1916	1918	2012	1	2	2	2	8	1	1	1	1	80	1.246488	378.267	39160.78	1	31.83099	5626.041	4077.921	11.87587	286.4789	9	0.1790824	54.2423	0.3021915	5	36.7531	-81.30619	1242.081	0.007867764	0.116471	108315.8	108315.8	-0.7817626	279.5332	120.4042	281.6508	1444.85	391.6078	155.1826	
1996	7	4	1	3	8	544.4788	8	2	1975	1976	2012	1	1	7	1	6	1	1	1	1	21	0.202175	544.4788	6351.711	1	31.83099	13594.57	5086.475	5.893441	891.2677	28	0.4327287	8.370173	0.09500478	5	36.75242	-81.30829	1256.673	0.007666207	0.1800234	111993.8	111993.8	-0.7817626	279.6682	120.4042	281.6508	1444.85	63.51711	207.9963	
1996	8	4	2	2	9	71.37078	9	1	1915	1917	2012	1	1	7	2	10	1	1	1	1	81	0.1059313	71.37078	3328.032	1	31.83099	8239.63	6899.249	10.90954	763.9437	24	0.2622756	15.36031	0.06273602	6	36.75741	-81.30741	1129.348	0.0256407	-0.05699014	94447.43	94447.43	-0.7817626	278.3653	120.4042	281.6508	1444.85	33.28032	30.12356	
1996	9	5	2	1	10	46.7557	10	1	1963	1966	2012	1	1	6	3	47	1	1	2	1	33	0.06080373	46.7557	1910.265	1	31.83099	8891.619	6286.128	7.761219	923.0987	29	0.283029	14.81646	0.02461559	7	37.72242	-80.1086	738.0771	0.2374777	-0.09343816	90337.9	90337.9	-0.7817626	280.1274	118.1742	282.8488	1418.09	19.10265	83.72914	
1997	1	1	1	4	1	586.7233	1	1	1933	1939	2012	1	1	5	6	8	1	1	1	1	64	0.4801292	586.7233	15084.17	1	31.83099	14551.11	9116.283	18.25963	732.1127	23	0.4631761	24.07308	0.1984826	1	37.91874	-79.84931	1146.939	0.01342732	0.1730398	127071	127071	-0.6235046	281.9657	86.88	282.0867	1042.56	150.8417	515.976	
1997	2	1	2	2	2	452.6912	2	1	1936	1953	2012	1	2	8	17	10	1	1	1	1	61	0.764639	452.6912	24022.59	1	31.83099	13449.24	9640.24	17.4147	1177.747	37	0.4281026	27.07656	0.205066	2	37.91985	-79.84246	997.5121	0.03488264	-0.09616352	119731.7	119731.7	-0.6235046	283.0509	86.88	282.0867	1042.56	240.2259	670.6713	
1997	3	2	2	2	3	61.28171	3	2	1953	1954	2013	1	1	4	1	4	1	1	3	1	44	0.04901644	61.28171	1539.945	1	31.83099	15690.01	5280.251	16.54217	923.0987	29	0.4994286	16.99875	0.01987626	3	37.23649	-80.85878	1006.101	0.03159261	-0.04174077	129249.5	129249.5	-0.6235046	283.2152	71.62167	282.315	859.46	15.39945	163.493	
1997	4	3	1	1	4	3329.249	4	2	1889	1890	2012	1	2	1	1	12	1	1	1	1	108	1.187797	3329.249	83943.28	1	14.14711	25411.09	18588.96	20.26929	537.59	38	0.3594934	23.83322	0.359964	4	38.56657	-79.16857	1094.132	0.008329372	0.205676	112267.1	112267.1	-0.6235046	282.4448	79.27833	281.5571	951.34	839.4328	1531.341	
1997	4	3	1	1	5	976.5302	5	1	1914	1916	2012	1	2	3	2	24	1	1	1	1	83	1.190881	976.5302	84161.21	1	14.14711	25411.09	18588.96	20.26929	537.59	38	0.3594934	23.83322	0.3608986	4	38.56657	-79.16857	1094.132	0.008329372	0.205676	112267.1	112267.1	-0.6235046	282.4448	79.27833	281.5571	951.34	841.6121	1541.971	
1997	5	3	1	3	6	1942.968	6	1	1833	1838	2012	1	2	9	5	11	1	1	1	1	164	3.447438	1942.968	243635.2	1	14.14711	19147.42	19391.49	19.62845	183.9124	13	0.2708806	29.30223	0.6309791	4	38.56833	-79.16862	1102.65	0.00787903	0.2099813	108006	108006	-0.6235046	281.8198	79.27833	281.5571	951.34	2436.352	2171.735	
1997	6	4	1	1	7	350.9856	7	1	1916	1918	2012	1	2	2	2	8	1	1	1	1	81	1.257659	350.9856	39511.76	1	31.83099	5492.99	4135.798	12.03956	286.4789	9	0.1748473	54.41715	0.302154	5	36.7531	-81.30619	1242.081	0.007867764	0.116471	108315.8	108315.8	-0.6235046	279.7169	90.12917	282.0117	1081.55	395.1176	155.1043	
1997	7	4	1	3	8	694.4113	8	2	1975	1976	2012	1	1	7	1	6	1	1	1	1	22	0.2242781	694.4113	7046.122	1	31.83099	11450.32	5239.266	6.153896	891.2677	28	0.364475	8.734648	0.1048911	5	36.75242	-81.30829	1256.673	0.007666207	0.1800234	111993.8	111993.8	-0.6235046	279.8571	90.12917	282.0117	1081.55	70.46122	217.8402	
1997	8	4	2	2	9	79.64691	9	1	1915	1917	2012	1	1	7	2	10	1	1	1	1	82	0.1084664	79.64691	3407.679	1	31.83099	7614.024	7004.832	11.04027	763.9437	24	0.2423619	15.60267	0.06311046	6	36.75741	-81.30741	1129.348	0.0256407	-0.05699014	94447.43	94447.43	-0.6235046	278.5201	90.12917	282.0117	1081.55	34.07679	30.81923	
1997	9	5	2	1	10	48.92402	10	1	1963	1966	2012	1	1	6	3	47	1	1	2	1	34	0.06236098	48.92402	1959.189	1	31.83099	9174.222	6397.065	7.929522	923.0987	29	0.2920246	15.10849	0.02481028	7	37.72242	-80.1086	738.0771	0.2374777	-0.09343816	90337.9	90337.9	-0.6235046	280.2577	74.37167	282.8067	892.46	19.59189	74.86276	
1998	1	1	1	4	1	858.9033	1	1	1933	1939	2012	1	1	5	6	8	1	1	1	1	65	0.5074681	858.9033	15943.08	1	31.83099	15720.66	9271.607	18.65136	732.1127	23	0.5004043	24.57348	0.2045475	1	37.91874	-79.84931	1146.939	0.01342732	0.1730398	127071	127071	1.11728	283.6588	100.7042	284.53	1208.45	159.4308	742.5804	
1998	2	1	2	2	2	597.8436	2	1	1936	1953	2012	1	2	8	17	10	1	1	1	1	62	0.7836684	597.8436	24620.43	1	31.83099	14844.24	9804.631	17.75315	1177.747	37	0.4725068	27.54907	0.2069976	2	37.91985	-79.84246	997.5121	0.03488264	-0.09616352	119731.7	119731.7	1.11728	284.8042	100.7042	284.53	1208.45	246.2043	666.1517	
1998	3	2	2	2	3	50.48665	3	2	1953	1954	2013	1	1	4	1	4	1	1	3	1	45	0.05062343	50.48665	1590.431	1	31.83099	15893.17	5444.793	17.04537	923.0987	29	0.5058954	17.50465	0.01985349	3	37.23649	-80.85878	1006.101	0.03159261	-0.04174077	129249.5	129249.5	1.11728	284.7723	94.92583	283.9521	1139.11	15.90431	171.1178	
1998	4	3	1	1	4	3523.569	4	2	1889	1890	2012	1	2	1	1	12	1	1	1	1	109	1.237656	3523.569	87466.85	1	14.14711	28003.06	18877.53	20.60458	537.59	38	0.3961622	24.22938	0.3707022	4	38.56657	-79.16857	1094.132	0.008329372	0.205676	112267.1	112267.1	1.11728	284.32	80.91667	283.3079	971	874.6685	1874.602	
1998	4	3	1	1	5	895.7412	5	1	1914	1916	2012	1	2	3	2	24	1	1	1	1	84	1.203556	895.7412	85056.95	1	14.14711	28003.06	18877.53	20.60458	537.59	38	0.3961622	24.22938	0.3604886	4	38.56657	-79.16857	1094.132	0.008329372	0.205676	112267.1	112267.1	1.11728	284.32	80.91667	283.3079	971	850.5695	1739.229	
1998	5	3	1	3	6	3215.928	6	1	1833	1838	2012	1	2	9	5	11	1	1	1	1	165	3.492943	3215.928	246851.1	1	14.14711	23815.91	19593.25	19.88655	183.9124	13	0.3369262	29.63916	0.6317272	4	38.56833	-79.16862	1102.65	0.00787903	0.2099813	108006	108006	1.11728	283.7432	80.91667	283.3079	971	2468.511	3069.004	
1998	6	4	1	1	7	239.6599	7	1	1916	1918	2012	1	2	2	2	8	1	1	1	1	82	1.265288	239.6599	39751.42	1	31.83099	5044.852	4189.128	12.18878	286.4789	9	0.1605826	54.57773	0.3015342	5	36.7531	-81.30619	1242.081	0.007867764	0.116471	108315.8	108315.8	1.11728	281.758	116.7233	283.6546	1400.68	397.5142	538.3888	
1998	7	4	1	3	8	330.5446	8	2	1975	1976	2012	1	1	7	1	6	1	1	1	1	23	0.2347993	330.5446	7376.667	1	31.83099	13467.47	5411.511	6.476276	891.2677	28	0.4286829	9.163331	0.1092462	5	36.75242	-81.30829	1256.673	0.007666207	0.1800234	111993.8	111993.8	1.11728	281.889	116.7233	283.6546	1400.68	73.76667	724.7238	
1998	8	4	2	2	9	78.3199	9	1	1915	1917	2012	1	1	7	2	10	1	1	1	1	83	0.1109593	78.3199	3485.999	1	31.83099	8636.917	7119.993	11.20148	763.9437	24	0.2749216	15.8776	0.0637296	6	36.75741	-81.30741	1129.348	0.0256407	-0.05699014	94447.43	94447.43	1.11728	280.4442	116.7233	283.6546	1400.68	34.85999	159.3539	
1998	9	5	2	1	10	32.10386	10	1	1963	1966	2012	1	1	6	3	47	1	1	2	1	35	0.06338285	32.10386	1991.293	1	31.83099	9957.885	6515.252	8.120902	923.0987	29	0.3169693	15.42546	0.02477754	7	37.72242	-80.1086	738.0771	0.2374777	-0.09343816	90337.9	90337.9	1.11728	281.9928	95.70583	284.4704	1148.47	19.91293	192.2145	
1999	1	1	1	4	1	669.6769	1	1	1933	1939	2012	1	1	5	6	8	1	1	1	1	66	0.5287839	669.6769	16612.75	1	31.83099	13191.25	9401.312	18.96154	732.1127	23	0.4198904	24.99337	0.2092601	1	37.91874	-79.84931	1146.939	0.01342732	0.1730398	127071	127071	0.3926551	282.9654	87.38333	283.2463	1048.6	166.1275	666.2112	
1999	2	1	2	2	2	522.1842	2	1	1936	1953	2012	1	2	8	17	10	1	1	1	1	63	0.8002895	522.1842	25142.62	1	31.83099	13474.97	9954.744	18.04615	1177.747	37	0.4289215	27.97799	0.2083692	2	37.91985	-79.84246	997.5121	0.03488264	-0.09616352	119731.7	119731.7	0.3926551	284.0676	87.38333	283.2463	1048.6	251.4262	683.9908	
1999	3	2	2	2	3	44.12712	3	2	1953	1954	2013	1	1	4	1	4	1	1	3	1	46	0.05202799	44.12712	1634.558	1	31.83099	13279.13	5583.13	17.46516	923.0987	29	0.422688	17.92734	0.01990635	3	37.23649	-80.85878	1006.101	0.03159261	-0.04174077	129249.5	129249.5	0.3926551	284.1455	79.2625	283.4217	951.15	16.34558	174.1143	
1999	4	3	1	1	4	2238.625	4	2	1889	1890	2012	1	2	1	1	12	1	1	1	1	110	1.269332	2238.625	89705.47	1	14.14711	21707.25	19102.61	20.85005	537.59	38	0.3070948	24.53648	0.3763199	4	38.56657	-79.16857	1094.132	0.008329372	0.205676	112267.1	112267.1	0.3926551	283.5281	71.88583	282.4554	862.63	897.0547	1913.752	
1999	4	3	1	1	5	651.747	5	1	1914	1916	2012	1	2	3	2	24	1	1	1	1	85	1.212778	651.747	85708.7	1	14.14711	21707.25	19102.61	20.85005	537.59	38	0.3070948	24.53648	0.3595532	4	38.56657	-79.16857	1094.132	0.008329372	0.205676	112267.1	112267.1	0.3926551	283.5281	71.88583	282.4554	862.63	857.087	1692.925	
1999	5	3	1	3	6	2188.287	6	1	1833	1838	2012	1	2	9	5	11	1	1	1	1	166	3.523907	2188.287	249039.4	1	14.14711	18764.89	19744.3	20.07291	183.9124	13	0.2654688	29.90463	0.6313833	4	38.56833	-79.16862	1102.65	0.00787903	0.2099813	108006	108006	0.3926551	282.9312	71.88583	282.4554	862.63	2490.394	2766.663	
1999	6	4	1	1	7	236.6974	7	1	1916	1918	2012	1	2	2	2	8	1	1	1	1	83	1.272822	236.6974	39988.12	1	31.83099	7120.031	4263.146	12.40384	286.4789	9	0.2266376	54.80437	0.3001422	5	36.7531	-81.30619	1242.081	0.007867764	0.116471	108315.8	108315.8	0.3926551	280.904	94.69417	282.9758	1136.33	399.8812	327.3369	
1999	7	4	1	3	8	517.1848	8	2	1975	1976	2012	1	1	7	1	6	1	1	1	1	24	0.2512613	517.1848	7893.852	1	31.83099	13545.91	5583.824	6.798871	891.2677	28	0.4311796	9.59451	0.1164102	5	36.75242	-81.30829	1256.673	0.007666207	0.1800234	111993.8	111993.8	0.3926551	281.0366	94.69417	282.9758	1136.33	78.93852	466.3818	
1999	8	4	2	2	9	113.4567	9	1	1915	1917	2012	1	1	7	2	10	1	1	1	1	84	0.1145707	113.4567	3599.456	1	31.83099	8165.745	7229.791	11.34563	763.9437	24	0.2599237	16.13752	0.06498166	6	36.75741	-81.30741	1129.348	0.0256407	-0.05699014	94447.43	94447.43	0.3926551	279.6494	94.69417	282.9758	1136.33	35.99456	85.01742	
1999	9	5	2	1	10	40.67428	10	1	1963	1966	2012	1	1	6	3	47	1	1	2	1	36	0.06467751	40.67428	2031.967	1	31.83099	9043.826	6623.711	8.281321	923.0987	29	0.2878739	15.71333	0.02488223	7	37.72242	-80.1086	738.0771	0.2374777	-0.09343816	90337.9	90337.9	0.3926551	281.2841	82.04167	283.9154	984.5	20.31967	137.4603	
2000	1	1	1	4	1	823.0737	1	1	1933	1939	2012	1	1	5	6	8	1	1	1	1	67	0.5549824	823.0737	17435.83	1	31.83099	13879.86	9537.577	19.2926	732.1127	23	0.4418098	25.43518	0.2153962	1	37.91874	-79.84931	1146.939	0.01342732	0.1730398	127071	127071	-0.3248141	282.2429	92.4775	282.6088	1109.73	174.3583	594.6181	
2000	2	1	2	2	2	703.5546	2	1	1936	1953	2012	1	2	8	17	10	1	1	1	1	64	0.8226837	703.5546	25846.17	1	31.83099	14480.65	10114.33	18.36929	1177.747	37	0.4609333	28.43892	0.211356	2	37.91985	-79.84246	997.5121	0.03488264	-0.09616352	119731.7	119731.7	-0.3248141	283.3386	92.4775	282.6088	1109.73	258.4617	695.8105	
2000	3	2	2	2	3	52.73014	3	2	1953	1954	2013	1	1	4	1	4	1	1	3	1	47	0.05370639	52.73014	1687.289	1	31.83099	14761.44	5736.225	17.93193	923.0987	29	0.4698712	18.39721	0.01998219	3	37.23649	-80.85878	1006.101	0.03159261	-0.04174077	129249.5	129249.5	-0.3248141	283.4878	79.18	282.6596	950.16	16.87289	177.6816	
2000	4	3	1	1	4	2641.214	4	2	1889	1890	2012	1	2	1	1	12	1	1	1	1	111	1.306706	2641.214	92346.69	1	14.14711	28474.13	19394.85	21.19054	537.59	38	0.4028265	24.9393	0.3828511	4	38.56657	-79.16857	1094.132	0.008329372	0.205676	112267.1	112267.1	-0.3248141	282.7367	80.8825	281.8429	970.59	923.4669	1910.845	
2000	4	3	1	1	5	1000.919	5	1	1914	1916	2012	1	2	3	2	24	1	1	1	1	86	1.226941	1000.919	86709.62	1	14.14711	28474.13	19394.85	21.19054	537.59	38	0.4028265	24.9393	0.3594809	4	38.56657	-79.16857	1094.132	0.008329372	0.205676	112267.1	112267.1	-0.3248141	282.7367	80.8825	281.8429	970.59	867.0962	1612.7	
2000	5	3	1	3	6	2106.945	6	1	1833	1838	2012	1	2	9	5	11	1	1	1	1	167	3.553721	2106.945	251146.3	1	14.14711	18688.32	19894.39	20.2579	183.9124	13	0.2643857	30.16901	0.6314973	4	38.56833	-79.16862	1102.65	0.00787903	0.2099813	108006	108006	-0.3248141	282.117	80.8825	281.8429	970.59	2511.463	2411.837	
2000	6	4	1	1	7	65.66431	7	1	1916	1918	2012	1	2	2	2	8	1	1	1	1	84	1.274912	65.66431	40053.78	1	31.83099	7075.106	4336.648	12.61726	286.4789	9	0.2252076	55.02958	0.2978185	5	36.7531	-81.30619	1242.081	0.007867764	0.116471	108315.8	108315.8	-0.3248141	280.0526	87.40833	282.3225	1048.9	400.5378	184.0949	
2000	7	4	1	3	8	408.2173	8	2	1975	1976	2012	1	1	7	1	6	1	1	1	1	25	0.2642549	408.2173	8302.069	1	31.83099	13938.05	5759.341	7.131666	891.2677	28	0.4436619	10.03817	0.121752	5	36.75242	-81.30829	1256.673	0.007666207	0.1800234	111993.8	111993.8	-0.3248141	280.1931	87.40833	282.3225	1048.9	83.02069	278.4985	
2000	8	4	2	2	9	169.342	9	1	1915	1917	2012	1	1	7	2	10	1	1	1	1	85	0.1199608	169.342	3768.798	1	31.83099	8905.58	7346.335	11.51124	763.9437	24	0.2834734	16.42099	0.06707262	6	36.75741	-81.30741	1129.348	0.0256407	-0.05699014	94447.43	94447.43	-0.3248141	278.8211	87.40833	282.3225	1048.9	37.68798	42.17921	
2000	9	5	2	1	10	59.60536	10	1	1963	1966	2012	1	1	6	3	47	1	1	2	1	37	0.06657475	59.60536	2091.572	1	31.83099	9786.432	6739.011	8.463511	923.0987	29	0.3115118	16.02484	0.02522489	7	37.72242	-80.1086	738.0771	0.2374777	-0.09343816	90337.9	90337.9	-0.3248141	280.5306	85.2525	283.3075	1023.03	20.91572	95.30517	
2001	1	1	1	4	1	800.9589	1	1	1933	1939	2012	1	1	5	6	8	1	1	1	1	68	0.5804769	800.9589	18236.79	1	31.83099	15447.03	9689.188	19.67251	732.1127	23	0.4916943	25.92688	0.2207587	1	37.91874	-79.84931	1146.939	0.01342732	0.1730398	127071	127071	0.2099438	282.831	79.11667	283.3146	949.4	182.3679	640.8269	
2001	2	1	2	2	2	511.2301	2	1	1936	1953	2012	1	2	8	17	10	1	1	1	1	65	0.8389561	511.2301	26357.4	1	31.83099	13906.33	10267.58	18.67229	1177.747	37	0.4426521	28.88157	0.2138364	2	37.91985	-79.84246	997.5121	0.03488264	-0.09616352	119731.7	119731.7	0.2099438	283.9137	79.11667	283.3146	949.4	263.574	656.3021	
2001	3	2	2	2	3	34.39251	3	2	1953	1954	2013	1	1	4	1	4	1	1	3	1	48	0.05480111	34.39251	1721.681	1	31.83099	13683.57	5878.475	18.36418	923.0987	29	0.4355616	18.83277	0.01983399	3	37.23649	-80.85878	1006.101	0.03159261	-0.04174077	129249.5	129249.5	0.2099438	284.013	81.79	282.9762	981.48	17.21681	179.7894	
2001	4	3	1	1	4	3256.05	4	2	1889	1890	2012	1	2	1	1	12	1	1	1	1	112	1.352779	3256.05	95602.73	1	14.14711	30912.82	19710.95	21.56479	537.59	38	0.437327	25.37663	0.3917681	4	38.56657	-79.16857	1094.132	0.008329372	0.205676	112267.1	112267.1	0.2099438	283.3616	68.26167	282.3658	819.14	956.0273	2051.514	
2001	4	3	1	1	5	880.8954	5	1	1914	1916	2012	1	2	3	2	24	1	1	1	1	87	1.239406	880.8954	87590.51	1	14.14711	30912.82	19710.95	21.56479	537.59	38	0.437327	25.37663	0.358935	4	38.56657	-79.16857	1094.132	0.008329372	0.205676	112267.1	112267.1	0.2099438	283.3616	68.26167	282.3658	819.14	875.9051	1622.612	
2001	5	3	1	3	6	2224.655	6	1	1833	1838	2012	1	2	9	5	11	1	1	1	1	168	3.5852	2224.655	253371	1	14.14711	19995.14	20057.36	20.4611	183.9124	13	0.2828734	30.45189	0.6315063	4	38.56833	-79.16862	1102.65	0.00787903	0.2099813	108006	108006	0.2099438	282.7536	68.26167	282.3658	819.14	2533.71	2638.362	
2001	6	4	1	1	7	259.5055	7	1	1916	1918	2012	1	2	2	2	8	1	1	1	1	85	1.283172	259.5055	40313.29	1	31.83099	7122.098	4410.556	12.83198	286.4789	9	0.2267034	55.25628	0.2967482	5	36.7531	-81.30619	1242.081	0.007867764	0.116471	108315.8	108315.8	0.2099438	280.7075	86.97417	282.8279	1043.69	403.1329	271.8925	
2001	7	4	1	3	8	385.5217	8	2	1975	1976	2012	1	1	7	1	6	1	1	1	1	26	0.276526	385.5217	8687.591	1	31.83099	13861.01	5933.371	7.459728	891.2677	28	0.4412097	10.47938	0.1267634	5	36.75242	-81.30829	1256.673	0.007666207	0.1800234	111993.8	111993.8	0.2099438	280.8494	86.97417	282.8279	1043.69	86.87591	411.8849	
2001	8	4	2	2	9	150.968	9	1	1915	1917	2012	1	1	7	2	10	1	1	1	1	86	0.1247661	150.968	3919.766	1	31.83099	8593.637	7459.109	11.66486	763.9437	24	0.273544	16.69454	0.06888924	6	36.75741	-81.30741	1129.348	0.0256407	-0.05699014	94447.43	94447.43	0.2099438	279.4387	86.97417	282.8279	1043.69	39.19766	72.62848	
2001	9	5	2	1	10	42.45077	10	1	1963	1966	2012	1	1	6	3	47	1	1	2	1	38	0.06792596	42.45077	2134.023	1	31.83099	9037.525	6846.235	8.619996	923.0987	29	0.2876733	16.31252	0.02543728	7	37.72242	-80.1086	738.0771	0.2374777	-0.09343816	90337.9	90337.9	0.2099438	281.0775	74.86417	283.8142	898.37	21.34023	122.4326	
2002	1	1	1	4	1	905.4045	1	1	1933	1939	2012	1	1	5	6	8	1	1	1	1	69	0.6092959	905.4045	19142.19	1	31.83099	15914.25	9845.145	20.06625	732.1127	23	0.5065663	26.43344	0.2271884	1	37.91874	-79.84931	1146.939	0.01342732	0.1730398	127071	127071	0.4989653	283.0381	93.8975	283.4463	1126.77	191.4219	719.2029	
2002	2	1	2	2	2	401.314	2	1	1936	1953	2012	1	2	8	17	10	1	1	1	1	66	0.8517299	401.314	26758.72	1	31.83099	12505.14	10406.23	18.92882	1177.747	37	0.3980509	29.27962	0.2149442	2	37.91985	-79.84246	997.5121	0.03488264	-0.09616352	119731.7	119731.7	0.4989653	284.1667	93.8975	283.4463	1126.77	267.5872	689.4279	
2002	3	2	2	2	3	29.54354	3	2	1953	1954	2013	1	1	4	1	4	1	1	3	1	49	0.05574148	29.54354	1751.225	1	31.83099	14372.93	6027.555	18.81816	923.0987	29	0.4575046	19.29027	0.01945503	3	37.23649	-80.85878	1006.101	0.03159261	-0.04174077	129249.5	129249.5	0.4989653	284.222	93.445	283.1933	1121.34	17.51225	186.8402	
2002	4	3	1	1	4	3467.496	4	2	1889	1890	2012	1	2	1	1	12	1	1	1	1	113	1.401844	3467.496	99070.23	1	14.14711	29018.53	20007.58	21.9115	537.59	38	0.4105283	25.78716	0.401195	4	38.56657	-79.16857	1094.132	0.008329372	0.205676	112267.1	112267.1	0.4989653	283.6278	84.97833	282.6213	1019.74	990.7023	2381.547	
2002	4	3	1	1	5	863.1158	5	1	1914	1916	2012	1	2	3	2	24	1	1	1	1	88	1.251619	863.1158	88453.63	1	14.14711	29018.53	20007.58	21.9115	537.59	38	0.4105283	25.78716	0.358202	4	38.56657	-79.16857	1094.132	0.008329372	0.205676	112267.1	112267.1	0.4989653	283.6278	84.97833	282.6213	1019.74	884.5363	1763.894	
2002	5	3	1	3	6	2819.234	6	1	1833	1838	2012	1	2	9	5	11	1	1	1	1	169	3.625092	2819.234	256190.2	1	14.14711	19936.23	20219.53	20.6632	183.9124	13	0.28204	30.73393	0.6316948	4	38.56833	-79.16862	1102.65	0.00787903	0.2099813	108006	108006	0.4989653	283.0302	84.97833	282.6213	1019.74	2561.902	2991.849	
2002	6	4	1	1	7	139.2156	7	1	1916	1918	2012	1	2	2	2	8	1	1	1	1	86	1.287603	139.2156	40452.5	1	31.83099	7091.742	4484.095	13.04552	286.4789	9	0.2257371	55.48202	0.2945043	5	36.7531	-81.30619	1242.081	0.007867764	0.116471	108315.8	108315.8	0.4989653	281.0021	102.3958	283.0617	1228.75	404.525	333.0164	
2002	7	4	1	3	8	626.2303	8	2	1975	1976	2012	1	1	7	1	6	1	1	1	1	27	0.2964589	626.2303	9313.821	1	31.83099	13709.08	6105.166	7.780672	891.2677	28	0.4363736	10.91576	0.1352362	5	36.75242	-81.30829	1256.673	0.007666207	0.1800234	111993.8	111993.8	0.4989653	281.1343	102.3958	283.0617	1228.75	93.13821	519.9907	
2002	8	4	2	2	9	127.8974	9	1	1915	1917	2012	1	1	7	2	10	1	1	1	1	87	0.1288371	127.8974	4047.663	1	31.83099	7721.642	7562.51	11.78864	763.9437	24	0.2457875	16.94032	0.07032857	6	36.75741	-81.30741	1129.348	0.0256407	-0.05699014	94447.43	94447.43	0.4989653	279.7336	102.3958	283.0617	1228.75	40.47663	99.34373	
2002	9	5	2	1	10	34.24336	10	1	1963	1966	2012	1	1	6	3	47	1	1	2	1	39	0.06901592	34.24336	2168.266	1	31.83099	9286.626	6955.363	8.782543	923.0987	29	0.2956025	16.60812	0.02540925	7	37.72242	-80.1086	738.0771	0.2374777	-0.09343816	90337.9	90337.9	0.4989653	281.3665	89.20333	284.0775	1070.44	21.68266	150.5766	
2003	1	1	1	4	1	842.7098	1	1	1933	1939	2012	1	1	5	6	8	1	1	1	1	70	0.6361194	842.7098	19984.9	1	31.83099	13998.6	9981.62	20.39798	732.1127	23	0.4455894	26.87903	0.2323007	1	37.91874	-79.84931	1146.939	0.01342732	0.1730398	127071	127071	-0.4256938	282.1888	134.0475	282.5288	1608.57	199.849	728.7389	
2003	2	1	2	2	2	525.819	2	1	1936	1953	2012	1	2	8	17	10	1	1	1	1	67	0.8684668	525.819	27284.54	1	31.83099	15254.48	10571.8	19.27099	1177.747	37	0.4855652	29.76519	0.2181542	2	37.91985	-79.84246	997.5121	0.03488264	-0.09616352	119731.7	119731.7	-0.4256938	283.2599	134.0475	282.5288	1608.57	272.8454	818.1328	
2003	3	2	2	2	3	27.55153	3	2	1953	1954	2013	1	1	4	1	4	1	1	3	1	50	0.05661844	27.55153	1778.776	1	31.83099	15448.62	6187.326	19.30618	923.0987	29	0.4917449	19.78202	0.01909991	3	37.23649	-80.85878	1006.101	0.03159261	-0.04174077	129249.5	129249.5	-0.4256938	283.4258	123.3625	282.5567	1480.35	17.78776	215.7314	
2003	4	3	1	1	4	4257.926	4	2	1889	1890	2012	1	2	1	1	12	1	1	1	1	114	1.462093	4257.926	103328.2	1	14.14711	25441.75	20267.93	22.20686	537.59	38	0.3599272	26.14708	0.4151723	4	38.56657	-79.16857	1094.132	0.008329372	0.205676	112267.1	112267.1	-0.4256938	282.6699	122.42	281.8154	1469.04	1033.282	2741.869	
2003	4	3	1	1	5	718.5948	5	1	1914	1916	2012	1	2	3	2	24	1	1	1	1	89	1.261787	718.5948	89172.22	1	14.14711	25441.75	20267.93	22.20686	537.59	38	0.3599272	26.14708	0.3582938	4	38.56657	-79.16857	1094.132	0.008329372	0.205676	112267.1	112267.1	-0.4256938	282.6699	122.42	281.8154	1469.04	891.7222	1880.261	
2003	5	3	1	3	6	2402.168	6	1	1833	1838	2012	1	2	9	5	11	1	1	1	1	170	3.659082	2402.168	258592.4	1	14.14711	19950.26	20381.66	20.86522	183.9124	13	0.2822384	31.01617	0.6309328	4	38.56833	-79.16862	1102.65	0.00787903	0.2099813	108006	108006	-0.4256938	282.044	122.42	281.8154	1469.04	2585.924	2853.879	
2003	6	4	1	1	7	69.69286	7	1	1916	1918	2012	1	2	2	2	8	1	1	1	1	87	1.289822	69.69286	40522.2	1	31.83099	4550.083	4532.152	13.17795	286.4789	9	0.1448336	55.62685	0.2928641	5	36.7531	-81.30619	1242.081	0.007867764	0.116471	108315.8	108315.8	-0.4256938	279.9691	135.4933	282.4067	1625.92	405.222	202.6756	
2003	7	4	1	3	8	523.7434	8	2	1975	1976	2012	1	1	7	1	6	1	1	1	1	28	0.3131297	523.7434	9837.564	1	31.83099	11288.88	6252.041	8.022299	891.2677	28	0.3593361	11.27509	0.1422908	5	36.75242	-81.30829	1256.673	0.007666207	0.1800234	111993.8	111993.8	-0.4256938	280.1148	135.4933	282.4067	1625.92	98.37564	337.645	
2003	8	4	2	2	9	206.1915	9	1	1915	1917	2012	1	1	7	2	10	1	1	1	1	88	0.1354002	206.1915	4253.855	1	31.83099	7730.917	7665.353	11.91065	763.9437	24	0.2460827	17.18641	0.07289775	6	36.75741	-81.30741	1129.348	0.0256407	-0.05699014	94447.43	94447.43	-0.4256938	278.7067	135.4933	282.4067	1625.92	42.53855	49.94652	
2003	9	5	2	1	10	14.62953	10	1	1963	1966	2012	1	1	6	3	47	1	1	2	1	40	0.06948158	14.62953	2182.896	1	31.83099	9119.552	7062.234	8.937905	923.0987	29	0.2902843	16.8984	0.02529524	7	37.72242	-80.1086	738.0771	0.2374777	-0.09343816	90337.9	90337.9	-0.4256938	280.3981	123.265	283.3138	1479.18	21.82896	104.9326	
2004	1	1	1	4	1	632.6317	1	1	1933	1939	2012	1	1	5	6	8	1	1	1	1	71	0.656256	632.6317	20617.53	1	31.83099	17973.64	10157.52	20.85519	732.1127	23	0.5721188	27.45115	0.2313491	1	37.91874	-79.84931	1146.939	0.01342732	0.1730398	127071	127071	0.1238402	282.6991	102.8092	282.9429	1233.71	206.1753	708.3603	
2004	2	1	2	2	2	981.9601	2	1	1936	1953	2012	1	2	8	17	10	1	1	1	1	68	0.8997225	981.9601	28266.5	1	31.83099	23066.42	10814.89	19.85995	1177.747	37	0.7342268	30.49942	0.2213366	2	37.91985	-79.84246	997.5121	0.03488264	-0.09616352	119731.7	119731.7	0.1238402	283.805	102.8092	282.9429	1233.71	282.665	722.1653	
2004	3	2	2	2	3	20.24089	3	2	1953	1954	2013	1	1	4	1	4	1	1	3	1	51	0.05726271	20.24089	1799.017	1	31.83099	13700.2	6329.548	19.73834	923.0987	29	0.4360909	20.21811	0.01870395	3	37.23649	-80.85878	1006.101	0.03159261	-0.04174077	129249.5	129249.5	0.1238402	283.8881	104.8225	283.2704	1257.87	17.99017	198.7469	
2004	4	3	1	1	4	4051.454	4	2	1889	1890	2012	1	2	1	1	12	1	1	1	1	115	1.519422	4051.454	107379.6	1	14.14711	26906.57	20542.4	22.52221	537.59	38	0.3806501	26.52773	0.427056	4	38.56657	-79.16857	1094.132	0.008329372	0.205676	112267.1	112267.1	0.1238402	283.2586	84.1675	282.3792	1010.01	1073.796	2635.817	
2004	4	3	1	1	5	859.2476	5	1	1914	1916	2012	1	2	3	2	24	1	1	1	1	90	1.273945	859.2476	90031.47	1	14.14711	26906.57	20542.4	22.52221	537.59	38	0.3806501	26.52773	0.3580613	4	38.56657	-79.16857	1094.132	0.008329372	0.205676	112267.1	112267.1	0.1238402	283.2586	84.1675	282.3792	1010.01	900.3147	1705.089	
2004	5	3	1	3	6	2902.378	6	1	1833	1838	2012	1	2	9	5	11	1	1	1	1	171	3.700151	2902.378	261494.8	1	14.14711	21678.34	20560.87	21.09142	183.9124	13	0.3066858	31.32285	0.6291136	4	38.56833	-79.16862	1102.65	0.00787903	0.2099813	108006	108006	0.1238402	282.6523	84.1675	282.3792	1010.01	2614.948	2800.429	
2004	6	4	1	1	7	143.2314	7	1	1916	1918	2012	1	2	2	2	8	1	1	1	1	88	1.294381	143.2314	40665.43	1	31.83099	6225.924	4596.902	13.36352	286.4789	9	0.1981773	55.82503	0.2905908	5	36.7531	-81.30619	1242.081	0.007867764	0.116471	108315.8	108315.8	0.1238402	280.6219	110.2567	283.0387	1323.08	406.6543	268.626	
2004	7	4	1	3	8	376.9032	8	2	1975	1976	2012	1	1	7	1	6	1	1	1	1	29	0.3251265	376.9032	10214.47	1	31.83099	12650.98	6411.82	8.305	891.2677	28	0.402693	11.67778	0.1470936	5	36.75242	-81.30829	1256.673	0.007666207	0.1800234	111993.8	111993.8	0.1238402	280.7618	110.2567	283.0387	1323.08	102.1447	449.9247	
2004	8	4	2	2	9	210.9473	9	1	1915	1917	2012	1	1	7	2	10	1	1	1	1	89	0.1421146	210.9473	4464.802	1	31.83099	9389.986	7784.135	12.08339	763.9437	24	0.2988926	17.4853	0.07534909	6	36.75741	-81.30741	1129.348	0.0256407	-0.05699014	94447.43	94447.43	0.1238402	279.3257	110.2567	283.0387	1323.08	44.64802	78.83678	
2004	9	5	2	1	10	21.59649	10	1	1963	1966	2012	1	1	6	3	47	1	1	2	1	41	0.070169	21.59649	2204.492	1	31.83099	9917.308	7176.496	9.116793	923.0987	29	0.3156777	17.21408	0.02516717	7	37.72242	-80.1086	738.0771	0.2374777	-0.09343816	90337.9	90337.9	0.1238402	280.9515	102.7592	283.9092	1233.11	22.04492	130.4179	
2005	1	1	1	4	1	1076.564	1	1	1933	1939	2012	1	1	5	6	8	1	1	1	1	72	0.6905231	1076.564	21694.1	1	31.83099	18565.02	10339.01	21.3302	732.1127	23	0.590943	28.04209	0.2359432	1	37.91874	-79.84931	1146.939	0.01342732	0.1730398	127071	127071	0.1393449	282.688	87.86167	283.1775	1054.34	216.941	664.0721	
2005	2	1	2	2	2	1054.164	2	1	1936	1953	2012	1	2	8	17	10	1	1	1	1	69	0.9332766	1054.164	29320.66	1	31.83099	26189.38	11088.63	20.54645	1177.747	37	0.833634	31.33305	0.225121	2	37.91985	-79.84246	997.5121	0.03488264	-0.09616352	119731.7	119731.7	0.1393449	283.7976	87.86167	283.1775	1054.34	293.2066	667.4635	
2005	3	2	2	2	3	46.15102	3	2	1953	1954	2013	1	1	4	1	4	1	1	3	1	52	0.0587317	46.15102	1845.168	1	31.83099	14118.23	6475.884	20.18359	923.0987	29	0.4493974	20.66751	0.01859155	3	37.23649	-80.85878	1006.101	0.03159261	-0.04174077	129249.5	129249.5	0.1393449	283.9057	76.96417	283.2308	923.57	18.45168	174.992	
2005	4	3	1	1	4	5138.907	4	2	1889	1890	2012	1	2	1	1	12	1	1	1	1	116	1.592137	5138.907	112518.5	1	14.14711	33803.22	20885.32	22.93441	537.59	38	0.4782177	27.00595	0.4426557	4	38.56657	-79.16857	1094.132	0.008329372	0.205676	112267.1	112267.1	0.1393449	283.2318	78.02417	282.27	936.29	1125.185	2692.036	
2005	4	3	1	1	5	935.1653	5	1	1914	1916	2012	1	2	3	2	24	1	1	1	1	91	1.287178	935.1653	90966.63	1	14.14711	33803.22	20885.32	22.93441	537.59	38	0.4782177	27.00595	0.3578691	4	38.56657	-79.16857	1094.132	0.008329372	0.205676	112267.1	112267.1	0.1393449	283.2318	78.02417	282.27	936.29	909.6663	1638.307	
2005	5	3	1	3	6	3884.778	6	1	1833	1838	2012	1	2	9	5	11	1	1	1	1	172	3.755121	3884.778	265379.6	1	14.14711	24049.95	20763.6	21.35089	183.9124	13	0.3402371	31.66309	0.6286778	4	38.56833	-79.16862	1102.65	0.00787903	0.2099813	108006	108006	0.1393449	282.6231	78.02417	282.27	936.29	2653.796	2701.596	
2005	6	4	1	1	7	198.7148	7	1	1916	1918	2012	1	2	2	2	8	1	1	1	1	89	1.300706	198.7148	40864.14	1	31.83099	7318.73	4672.516	13.58366	286.4789	9	0.2329624	56.05799	0.2894004	5	36.7531	-81.30619	1242.081	0.007867764	0.116471	108315.8	108315.8	0.1393449	280.5671	83.12	283.2904	997.44	408.6414	225.7367	
2005	7	4	1	3	8	531.8195	8	2	1975	1976	2012	1	1	7	1	6	1	1	1	1	30	0.3420543	531.8195	10746.29	1	31.83099	15306.24	6597.435	8.669937	891.2677	28	0.4872126	12.165	0.1535267	5	36.75242	-81.30829	1256.673	0.007666207	0.1800234	111993.8	111993.8	0.1393449	280.7005	83.12	283.2904	997.44	107.4629	384.3445	
2005	8	4	2	2	9	161.9547	9	1	1915	1917	2012	1	1	7	2	10	1	1	1	1	90	0.1472697	161.9547	4626.756	1	31.83099	9519.443	7903.56	12.25818	763.9437	24	0.3030133	17.78831	0.07672496	6	36.75741	-81.30741	1129.348	0.0256407	-0.05699014	94447.43	94447.43	0.1393449	279.3287	83.12	283.2904	997.44	46.26756	70.60485	
2005	9	5	2	1	10	34.75858	10	1	1963	1966	2012	1	1	6	3	47	1	1	2	1	42	0.07127536	34.75858	2239.251	1	31.83099	9846.968	7289.468	9.291576	923.0987	29	0.3134387	17.52752	0.02516214	7	37.72242	-80.1086	738.0771	0.2374777	-0.09343816	90337.9	90337.9	0.1393449	281.0107	79.93667	283.8875	959.24	22.39251	120.5644	
2006	1	1	1	4	1	976.0265	1	1	1933	1939	2012	1	1	5	6	8	1	1	1	1	73	0.72159	976.0265	22670.12	1	31.83099	17915.4	10513.67	21.78348	732.1127	23	0.570265	28.61236	0.2398155	1	37.91874	-79.84931	1146.939	0.01342732	0.1730398	127071	127071	0.4871239	283.0976	101.5675	283.7583	1218.81	226.7012	758.4363	
2006	2	1	2	2	2	1264.084	2	1	1936	1953	2012	1	2	8	17	10	1	1	1	1	70	0.9735124	1264.084	30584.74	1	31.83099	26987.09	11369.76	21.25648	1177.747	37	0.8590259	32.19208	0.2305842	2	37.91985	-79.84246	997.5121	0.03488264	-0.09616352	119731.7	119731.7	0.4871239	284.1952	101.5675	283.7583	1218.81	305.8474	696.4941	
2006	3	2	2	2	3	29.04528	3	2	1953	1954	2013	1	1	4	1	4	1	1	3	1	53	0.05965621	29.04528	1874.213	1	31.83099	14396.04	6624.934	20.63748	923.0987	29	0.4582403	21.12575	0.01834667	3	37.23649	-80.85878	1006.101	0.03159261	-0.04174077	129249.5	129249.5	0.4871239	284.2666	86.36833	283.3892	1036.42	18.74213	178.3353	
2006	4	3	1	1	4	4826.132	4	2	1889	1890	2012	1	2	1	1	12	1	1	1	1	117	1.660427	4826.132	117344.7	1	14.14711	36277.17	21252.46	23.38088	537.59	38	0.513217	27.51917	0.4555655	4	38.56657	-79.16857	1094.132	0.008329372	0.205676	112267.1	112267.1	0.4871239	283.6575	94.4125	282.7404	1132.95	1173.447	3077.279	
2006	4	3	1	1	5	856.0692	5	1	1914	1916	2012	1	2	3	2	24	1	1	1	1	92	1.299291	856.0692	91822.7	1	14.14711	36277.17	21252.46	23.38088	537.59	38	0.513217	27.51917	0.356482	4	38.56657	-79.16857	1094.132	0.008329372	0.205676	112267.1	112267.1	0.4871239	283.6575	94.4125	282.7404	1132.95	918.227	1781.326	
2006	5	3	1	3	6	3846.767	6	1	1833	1838	2012	1	2	9	5	11	1	1	1	1	173	3.809552	3846.767	269226.3	1	14.14711	24565.77	20971.29	21.61739	183.9124	13	0.3475346	32.01062	0.6279573	4	38.56833	-79.16862	1102.65	0.00787903	0.2099813	108006	108006	0.4871239	283.0566	94.4125	282.7404	1132.95	2692.263	3139.846	
2006	6	4	1	1	7	151.182	7	1	1916	1918	2012	1	2	2	2	8	1	1	1	1	90	1.305518	151.182	41015.33	1	31.83099	7732.039	4752.197	13.81675	286.4789	9	0.2461184	56.30411	0.286904	5	36.7531	-81.30619	1242.081	0.007867764	0.116471	108315.8	108315.8	0.4871239	281.0197	95.74833	283.3446	1148.98	410.1533	298.1225	
2006	7	4	1	3	8	542.7412	8	2	1975	1976	2012	1	1	7	1	6	1	1	1	1	31	0.3593298	542.7412	11289.03	1	31.83099	14891.72	6778.189	9.019398	891.2677	28	0.4740182	12.63902	0.1603361	5	36.75242	-81.30829	1256.673	0.007666207	0.1800234	111993.8	111993.8	0.4871239	281.1582	95.74833	283.3446	1148.98	112.8903	519.2901	
2006	8	4	2	2	9	130.4942	9	1	1915	1917	2012	1	1	7	2	10	1	1	1	1	91	0.1514233	130.4942	4757.251	1	31.83099	9460.25	8021.741	12.42901	763.9437	24	0.3011291	18.08944	0.0776191	6	36.75741	-81.30741	1129.348	0.0256407	-0.05699014	94447.43	94447.43	0.4871239	279.7458	95.74833	283.3446	1148.98	47.57251	104.5476	
2006	9	5	2	1	10	19.22435	10	1	1963	1966	2012	1	1	6	3	47	1	1	2	1	43	0.07188727	19.22435	2258.475	1	31.83099	9252.399	7395.908	9.445567	923.0987	29	0.294513	17.82203	0.02508893	7	37.72242	-80.1086	738.0771	0.2374777	-0.09343816	90337.9	90337.9	0.4871239	281.3654	91.2	284.1358	1094.4	22.58475	149.9122	
2007	1	1	1	4	1	1287.624	1	1	1933	1939	2012	1	1	5	6	8	1	1	1	1	74	0.7625751	1287.624	23957.75	1	31.83099	19911.59	10707.97	22.29928	732.1127	23	0.6338057	29.24616	0.2452498	1	37.91874	-79.84931	1146.939	0.01342732	0.1730398	127071	127071	0.4401975	282.9973	93.84583	283.7379	1126.15	239.5775	731.1855	
2007	2	1	2	2	2	1028.088	2	1	1936	1953	2012	1	2	8	17	10	1	1	1	1	71	1.006236	1028.088	31612.83	1	31.83099	24986.23	11630.29	21.90094	1177.747	37	0.7953364	32.98741	0.2340005	2	37.91985	-79.84246	997.5121	0.03488264	-0.09616352	119731.7	119731.7	0.4401975	284.1173	93.84583	283.7379	1126.15	316.1283	671.5005	
2007	3	2	2	2	3	23.86283	3	2	1953	1954	2013	1	1	4	1	4	1	1	3	1	54	0.06041576	23.86283	1898.076	1	31.83099	14102.27	6770.981	21.08182	923.0987	29	0.4488893	21.57464	0.01804203	3	37.23649	-80.85878	1006.101	0.03159261	-0.04174077	129249.5	129249.5	0.4401975	284.1769	73.40333	283.7858	880.84	18.98076	167.8236	
2007	4	3	1	1	4	4136.379	4	2	1889	1890	2012	1	2	1	1	12	1	1	1	1	118	1.718957	4136.379	121481	1	14.14711	38677.4	21643.07	23.86058	537.59	38	0.5471733	28.06634	0.4665223	4	38.56657	-79.16857	1094.132	0.008329372	0.205676	112267.1	112267.1	0.4401975	283.5815	84.86583	282.8125	1018.39	1214.81	2995.856	
2007	4	3	1	1	5	1094.93	5	1	1914	1916	2012	1	2	3	2	24	1	1	1	1	93	1.314785	1094.93	92917.63	1	14.14711	38677.4	21643.07	23.86058	537.59	38	0.5471733	28.06634	0.3568306	4	38.56657	-79.16857	1094.132	0.008329372	0.205676	112267.1	112267.1	0.4401975	283.5815	84.86583	282.8125	1018.39	929.1763	1692.7	
2007	5	3	1	3	6	2827.236	6	1	1833	1838	2012	1	2	9	5	11	1	1	1	1	174	3.849558	2827.236	272053.6	1	14.14711	25939.92	21192.53	21.90306	183.9124	13	0.3669749	32.3776	0.6257118	4	38.56833	-79.16862	1102.65	0.00787903	0.2099813	108006	108006	0.4401975	282.9819	84.86583	282.8125	1018.39	2720.536	2970.92	
2007	6	4	1	1	7	221.7179	7	1	1916	1918	2012	1	2	2	2	8	1	1	1	1	91	1.312575	221.7179	41237.04	1	31.83099	6797.988	4822.472	14.0199	286.4789	9	0.2163867	56.52049	0.285686	5	36.7531	-81.30619	1242.081	0.007867764	0.116471	108315.8	108315.8	0.4401975	280.9535	76.65167	283.7879	919.82	412.3704	258.9332	
2007	7	4	1	3	8	676.0541	8	2	1975	1976	2012	1	1	7	1	6	1	1	1	1	32	0.3808486	676.0541	11965.08	1	31.83099	13996.34	6949.272	9.338077	891.2677	28	0.4455175	13.08453	0.1685333	5	36.75242	-81.30829	1256.673	0.007666207	0.1800234	111993.8	111993.8	0.4401975	281.0897	76.65167	283.7879	919.82	119.6508	462.4389	
2007	8	4	2	2	9	84.96822	9	1	1915	1917	2012	1	1	7	2	10	1	1	1	1	92	0.1541278	84.96822	4842.219	1	31.83099	8489.236	8129.56	12.56685	763.9437	24	0.2702208	18.35966	0.0777663	6	36.75741	-81.30741	1129.348	0.0256407	-0.05699014	94447.43	94447.43	0.4401975	279.6678	76.65167	283.7879	919.82	48.42219	90.14817	
2007	9	5	2	1	10	14.0291	10	1	1963	1966	2012	1	1	6	3	47	1	1	2	1	44	0.07233382	14.0291	2272.505	1	31.83099	10912.48	7518.363	9.650531	923.0987	29	0.347355	18.16939	0.02484008	7	37.72242	-80.1086	738.0771	0.2374777	-0.09343816	90337.9	90337.9	0.4401975	281.2939	76.13667	284.3446	913.64	22.72505	133.7255	
2008	1	1	1	4	1	995.5695	1	1	1933	1939	2012	1	1	5	6	8	1	1	1	1	75	0.794264	995.5695	24953.32	1	31.83099	17578.9	10878.62	22.73978	732.1127	23	0.5595537	29.80572	0.2479215	1	37.91874	-79.84931	1146.939	0.01342732	0.1730398	127071	127071	-0.2126073	282.3845	84.37333	282.8988	1012.48	249.5332	621.9397	
2008	2	1	2	2	2	1115.996	2	1	1936	1953	2012	1	2	8	17	10	1	1	1	1	72	1.041759	1115.996	32728.83	1	31.83099	22326.6	11863.64	22.45889	1177.747	37	0.7106776	33.69809	0.2371632	2	37.91985	-79.84246	997.5121	0.03488264	-0.09616352	119731.7	119731.7	-0.2126073	283.4787	84.37333	282.8988	1012.48	327.2883	644.1753	
2008	3	2	2	2	3	37.24672	3	2	1953	1954	2013	1	1	4	1	4	1	1	3	1	55	0.06160133	37.24672	1935.323	1	31.83099	11336.33	6889.303	21.4379	923.0987	29	0.3608464	21.93548	0.01798296	3	37.23649	-80.85878	1006.101	0.03159261	-0.04174077	129249.5	129249.5	-0.2126073	283.6098	80.29667	282.8825	963.56	19.35323	177.3961	
2008	4	3	1	1	4	2656.551	4	2	1889	1890	2012	1	2	1	1	12	1	1	1	1	119	1.756547	2656.551	124137.6	1	14.14711	30053.16	21946.93	24.21751	537.59	38	0.4251653	28.49151	0.4727361	4	38.56657	-79.16857	1094.132	0.008329372	0.205676	112267.1	112267.1	-0.2126073	282.8992	83.055	282.3067	996.66	1241.376	2816.607	
2008	4	3	1	1	5	965.8286	5	1	1914	1916	2012	1	2	3	2	24	1	1	1	1	94	1.328451	965.8286	93883.46	1	14.14711	30053.16	21946.93	24.21751	537.59	38	0.4251653	28.49151	0.3575235	4	38.56657	-79.16857	1094.132	0.008329372	0.205676	112267.1	112267.1	-0.2126073	282.8992	83.055	282.3067	996.66	938.8346	1578.093	
2008	5	3	1	3	6	2680.607	6	1	1833	1838	2012	1	2	9	5	11	1	1	1	1	175	3.887488	2680.607	274734.2	1	14.14711	21226.08	21366.43	22.12175	183.9124	13	0.3002876	32.67789	0.6256007	4	38.56833	-79.16862	1102.65	0.00787903	0.2099813	108006	108006	-0.2126073	282.2804	83.055	282.3067	996.66	2747.342	2553.146	
2008	6	4	1	1	7	248.2533	7	1	1916	1918	2012	1	2	2	2	8	1	1	1	1	92	1.320477	248.2533	41485.3	1	31.83099	6612.447	4890.827	14.21694	286.4789	9	0.2104807	56.73098	0.284593	5	36.7531	-81.30619	1242.081	0.007867764	0.116471	108315.8	108315.8	-0.2126073	280.2085	80.1325	282.5379	961.59	414.853	168.1604	
2008	7	4	1	3	8	807.0457	8	2	1975	1976	2012	1	1	7	1	6	1	1	1	1	33	0.4065368	807.0457	12772.13	1	31.83099	12498.33	7104.657	9.606794	891.2677	28	0.3978343	13.48237	0.1788067	5	36.75242	-81.30829	1256.673	0.007666207	0.1800234	111993.8	111993.8	-0.2126073	280.3465	80.1325	282.5379	961.59	127.7213	315.5835	
2008	8	4	2	2	9	99.80651	9	1	1915	1917	2012	1	1	7	2	10	1	1	1	1	93	0.1573047	99.80651	4942.025	1	31.83099	7566.721	8227.503	12.67326	763.9437	24	0.2408562	18.60052	0.07845696	6	36.75741	-81.30741	1129.348	0.0256407	-0.05699014	94447.43	94447.43	-0.2126073	278.9731	80.1325	282.5379	961.59	49.42025	52.23954	
2008	9	5	2	1	10	35.24867	10	1	1963	1966	2012	1	1	6	3	47	1	1	2	1	45	0.07345578	35.24867	2307.753	1	31.83099	9407.434	7625.18	9.805723	923.0987	29	0.2994479	18.46884	0.02489574	7	37.72242	-80.1086	738.0771	0.2374777	-0.09343816	90337.9	90337.9	-0.2126073	280.6562	76.79583	283.5417	921.55	23.07753	97.02462	
2009	1	1	1	4	1	868.2784	1	1	1933	1939	2012	1	1	5	6	8	1	1	1	1	76	0.8219013	868.2784	25821.59	1	31.83099	15106.64	11024.22	23.10055	732.1127	23	0.4808594	30.28658	0.2514715	1	37.91874	-79.84931	1146.939	0.01342732	0.1730398	127071	127071	-0.3250022	282.2953	113.0683	282.7754	1356.82	258.2159	699.1488	
2009	2	1	2	2	2	996.5371	2	1	1936	1953	2012	1	2	8	17	10	1	1	1	1	73	1.073478	996.5371	33725.36	1	31.83099	21620.94	12089.35	22.99251	1177.747	37	0.6882158	34.38631	0.2414501	2	37.91985	-79.84246	997.5121	0.03488264	-0.09616352	119731.7	119731.7	-0.3250022	283.371	113.0683	282.7754	1356.82	337.2536	732.6162	
2009	3	2	2	2	3	21.11032	3	2	1953	1954	2013	1	1	4	1	4	1	1	3	1	56	0.06227327	21.11032	1956.433	1	31.83099	11770.29	7011.9	21.80759	923.0987	29	0.3746599	22.31014	0.01775263	3	37.23649	-80.85878	1006.101	0.03159261	-0.04174077	129249.5	129249.5	-0.3250022	283.529	110.63	282.9121	1327.56	19.56433	203.1946	
2009	4	3	1	1	4	3478.898	4	2	1889	1890	2012	1	2	1	1	12	1	1	1	1	120	1.805773	3478.898	127616.5	1	14.14711	34389.88	22293.63	24.63506	537.59	38	0.4865172	28.97802	0.4815959	4	38.56657	-79.16857	1094.132	0.008329372	0.205676	112267.1	112267.1	-0.3250022	282.7783	90.71833	281.7625	1088.62	1276.165	2893.414	
2009	4	3	1	1	5	1032.699	5	1	1914	1916	2012	1	2	3	2	24	1	1	1	1	95	1.343064	1032.699	94916.16	1	14.14711	34389.88	22293.63	24.63506	537.59	38	0.4865172	28.97802	0.3581922	4	38.56657	-79.16857	1094.132	0.008329372	0.205676	112267.1	112267.1	-0.3250022	282.7783	90.71833	281.7625	1088.62	949.1616	1604.33	
2009	5	3	1	3	6	2816.864	6	1	1833	1838	2012	1	2	9	5	11	1	1	1	1	176	3.927347	2816.864	277551	1	14.14711	21441.34	21542.29	22.3432	183.9124	13	0.3033329	32.98122	0.6244404	4	38.56833	-79.16862	1102.65	0.00787903	0.2099813	108006	108006	-0.3250022	282.1527	90.71833	281.7625	1088.62	2775.51	2555.734	
2009	6	4	1	1	7	170.8508	7	1	1916	1918	2012	1	2	2	2	8	1	1	1	1	93	1.325915	170.8508	41656.15	1	31.83099	6118.651	4954.179	14.39806	286.4789	9	0.1947627	56.92574	0.2827013	5	36.7531	-81.30619	1242.081	0.007867764	0.116471	108315.8	108315.8	-0.3250022	280.0796	116.3517	282.3746	1396.22	416.5615	178.7716	
2009	7	4	1	3	8	674.7161	8	2	1975	1976	2012	1	1	7	1	6	1	1	1	1	34	0.428013	674.7161	13446.84	1	31.83099	12346.92	7257.812	9.868409	891.2677	28	0.3930147	13.87538	0.1869598	5	36.75242	-81.30829	1256.673	0.007666207	0.1800234	111993.8	111993.8	-0.3250022	280.2252	116.3517	282.3746	1396.22	134.4684	348.7914	
2009	8	4	2	2	9	90.38362	9	1	1915	1917	2012	1	1	7	2	10	1	1	1	1	94	0.1601816	90.38362	5032.409	1	31.83099	8441.71	8333.544	12.80545	763.9437	24	0.268708	18.86923	0.07900127	6	36.75741	-81.30741	1129.348	0.0256407	-0.05699014	94447.43	94447.43	-0.3250022	278.8238	116.3517	282.3746	1396.22	50.32409	54.195	
2009	9	5	2	1	10	25.71244	10	1	1963	1966	2012	1	1	6	3	47	1	1	2	1	46	0.07427421	25.71244	2333.466	1	31.83099	7858.021	7715.917	9.909731	923.0987	29	0.2501286	18.71896	0.02498437	7	37.72242	-80.1086	738.0771	0.2374777	-0.09343816	90337.9	90337.9	-0.3250022	280.5119	108.55	283.5188	1302.6	23.33466	103.8065	
2010	1	1	1	4	1	707.4094	1	1	1933	1939	2012	1	1	5	6	8	1	1	1	1	77	0.8444182	707.4094	26529	1	31.83099	13761.57	11156.05	23.41748	732.1127	23	0.4380443	30.72462	0.2539007	1	37.91874	-79.84931	1146.939	0.01342732	0.1730398	127071	127071	-0.03439172	282.4985	81.76333	282.9446	981.16	265.29	637.2902	
2010	2	1	2	2	2	691.3102	2	1	1936	1953	2012	1	2	8	17	10	1	1	1	1	74	1.095483	691.3102	34416.67	1	31.83099	17396.01	12272.22	23.38978	1177.747	37	0.5537322	34.94004	0.2422186	2	37.91985	-79.84246	997.5121	0.03488264	-0.09616352	119731.7	119731.7	-0.03439172	283.6013	81.76333	282.9446	981.16	344.1667	633.4664	
2010	3	2	2	2	3	14.92406	3	2	1953	1954	2013	1	1	4	1	4	1	1	3	1	57	0.0627483	14.92406	1971.357	1	31.83099	11299.78	7129.727	22.1621	923.0987	29	0.3596831	22.66983	0.01750004	3	37.23649	-80.85878	1006.101	0.03159261	-0.04174077	129249.5	129249.5	-0.03439172	283.7399	81.04667	282.9467	972.56	19.71357	176.482	
2010	4	3	1	1	4	3286.785	4	2	1889	1890	2012	1	2	1	1	12	1	1	1	1	121	1.852281	3286.785	130903.3	1	14.14711	30816.28	22604.07	25.00131	537.59	38	0.4359612	29.41399	0.4886653	4	38.56657	-79.16857	1094.132	0.008329372	0.205676	112267.1	112267.1	-0.03439172	283.0268	72.40667	282.1875	868.88	1309.033	2765.391	
2010	4	3	1	1	5	958.367	5	1	1914	1916	2012	1	2	3	2	24	1	1	1	1	96	1.356625	958.367	95874.53	1	14.14711	30816.28	22604.07	25.00131	537.59	38	0.4359612	29.41399	0.3579021	4	38.56657	-79.16857	1094.132	0.008329372	0.205676	112267.1	112267.1	-0.03439172	283.0268	72.40667	282.1875	868.88	958.7453	1512.418	
2010	5	3	1	3	6	2668.318	6	1	1833	1838	2012	1	2	9	5	11	1	1	1	1	177	3.965104	2668.318	280219.3	1	14.14711	22176.94	21725.31	22.57479	183.9124	13	0.3137396	33.29496	0.62177	4	38.56833	-79.16862	1102.65	0.00787903	0.2099813	108006	108006	-0.03439172	282.4169	72.40667	282.1875	868.88	2802.193	2508.487	
2010	6	4	1	1	7	197.2619	7	1	1916	1918	2012	1	2	2	2	8	1	1	1	1	94	1.332194	197.2619	41853.41	1	31.83099	6180.727	5018.087	14.58094	286.4789	9	0.1967386	57.12248	0.2817675	5	36.7531	-81.30619	1242.081	0.007867764	0.116471	108315.8	108315.8	-0.03439172	280.3913	85.59167	282.3996	1027.1	418.5341	187.6326	
2010	7	4	1	3	8	680.6794	8	2	1975	1976	2012	1	1	7	1	6	1	1	1	1	35	0.4496791	680.6794	14127.52	1	31.83099	11408.38	7400.865	10.09787	891.2677	28	0.3631399	14.23852	0.1951715	5	36.75242	-81.30829	1256.673	0.007666207	0.1800234	111993.8	111993.8	-0.03439172	280.5228	85.59167	282.3996	1027.1	141.2752	368.3543	
2010	8	4	2	2	9	95.07708	9	1	1915	1917	2012	1	1	7	2	10	1	1	1	1	95	0.1632079	95.07708	5127.486	1	31.83099	8776.593	8442.282	12.94622	763.9437	24	0.2793676	19.14859	0.07942828	6	36.75741	-81.30741	1129.348	0.0256407	-0.05699014	94447.43	94447.43	-0.03439172	279.1358	85.59167	282.3996	1027.1	51.27486	62.05754	
2010	9	5	2	1	10	11.56915	10	1	1963	1966	2012	1	1	6	3	47	1	1	2	1	47	0.07464246	11.56915	2345.035	1	31.83099	9295.435	7820.442	10.05762	923.0987	29	0.2958829	19.01485	0.02485868	7	37.72242	-80.1086	738.0771	0.2374777	-0.09343816	90337.9	90337.9	-0.03439172	280.8133	78.93917	283.6133	947.27	23.45035	106.2234	
2011	1	1	1	4	1	944.8936	1	1	1933	1939	2012	1	1	5	6	8	1	1	1	1	78	0.8744941	944.8936	27473.9	1	31.83099	14559.22	11295.52	23.75875	732.1127	23	0.4634345	31.18806	0.2590251	1	37.91874	-79.84931	1146.939	0.01342732	0.1730398	127071	127071	0.590676	283.1589	93.4925	283.6442	1121.91	274.739	765.6436	
2011	2	1	2	2	2	795.5892	2	1	1936	1953	2012	1	2	8	17	10	1	1	1	1	75	1.120806	795.5892	35212.26	1	31.83099	15549.29	12436.04	23.7264	1177.747	37	0.4949492	35.43499	0.2442687	2	37.91985	-79.84246	997.5121	0.03488264	-0.09616352	119731.7	119731.7	0.590676	284.2709	93.4925	283.6442	1121.91	352.1226	651.5909	
2011	3	2	2	2	3	33.19124	3	2	1953	1954	2013	1	1	4	1	4	1	1	3	1	58	0.06380478	33.19124	2004.548	1	31.83099	12670.72	7261.197	22.56004	923.0987	29	0.4033214	23.07315	0.01735023	3	37.23649	-80.85878	1006.101	0.03159261	-0.04174077	129249.5	129249.5	0.590676	284.3141	98.6125	283.9175	1183.35	20.04548	185.9517	
2011	4	3	1	1	4	3381.599	4	2	1889	1890	2012	1	2	1	1	12	1	1	1	1	122	1.900131	3381.599	134284.9	1	14.14711	32029.6	22926.12	25.38399	537.59	38	0.4531262	29.86711	0.4950239	4	38.56657	-79.16857	1094.132	0.008329372	0.205676	112267.1	112267.1	0.590676	283.7566	98.33333	282.9029	1180	1342.849	3294.118	
2011	4	3	1	1	5	1219.991	5	1	1914	1916	2012	1	2	3	2	24	1	1	1	1	97	1.373887	1219.991	97094.52	1	14.14711	32029.6	22926.12	25.38399	537.59	38	0.4531262	29.86711	0.3579265	4	38.56657	-79.16857	1094.132	0.008329372	0.205676	112267.1	112267.1	0.590676	283.7566	98.33333	282.9029	1180	970.9452	1784.628	
2011	5	3	1	3	6	2795.793	6	1	1833	1838	2012	1	2	9	5	11	1	1	1	1	178	4.004664	2795.793	283015.1	1	14.14711	22391.12	21910.28	22.80914	183.9124	13	0.3167696	33.61173	0.6181807	4	38.56833	-79.16862	1102.65	0.00787903	0.2099813	108006	108006	0.590676	283.1663	98.33333	282.9029	1180	2830.151	3238.217	
2011	6	4	1	1	7	294.851	7	1	1916	1918	2012	1	2	2	2	8	1	1	1	1	95	1.341579	294.851	42148.26	1	31.83099	8191.05	5102.032	14.8276	286.4789	9	0.2607292	57.38321	0.2809506	5	36.7531	-81.30619	1242.081	0.007867764	0.116471	108315.8	108315.8	0.590676	281.1659	106.0725	283.1875	1272.87	421.4826	311.6446	
2011	7	4	1	3	8	1181.584	8	2	1975	1976	2012	1	1	7	1	6	1	1	1	1	36	0.4872889	1181.584	15309.11	1	31.83099	11755.82	7546.675	10.33611	891.2677	28	0.3741995	14.61272	0.2096874	5	36.75242	-81.30829	1256.673	0.007666207	0.1800234	111993.8	111993.8	0.590676	281.2988	106.0725	283.1875	1272.87	153.0911	626.9879	
2011	8	4	2	2	9	94.59461	9	1	1915	1917	2012	1	1	7	2	10	1	1	1	1	96	0.1662188	94.59461	5222.081	1	31.83099	9017.091	8552.773	13.09257	763.9437	24	0.2870229	19.43562	0.07965191	6	36.75741	-81.30741	1129.348	0.0256407	-0.05699014	94447.43	94447.43	0.590676	279.8672	106.0725	283.1875	1272.87	52.22081	121.3803	
2011	9	5	2	1	10	25.00833	10	1	1963	1966	2012	1	1	6	3	47	1	1	2	1	48	0.07543847	25.00833	2370.043	1	31.83099	9615.196	7927.578	10.21383	923.0987	29	0.3060612	19.32091	0.02485043	7	37.72242	-80.1086	738.0771	0.2374777	-0.09343816	90337.9	90337.9	0.590676	281.4539	94.7875	284.4925	1137.45	23.70043	155.7626	

Likelihood History
Iteration	Temperature	Likelihood
0	3	-1708.322	
1.25	3	-1708.236	
1.9375	3	-1708.208	
2.0625	3	-1708.202	
2.25	3	-1708.185	
1000	3	-1708.185	
2000	2.85	-1708.185	
3000	2.85	-1708.185	
4000	2.7075	-1708.185	
5000	2.7075	-1708.185	
6000	2.572125	-1708.185	
7000	2.572125	-1708.185	
8000	2.443519	-1708.185	
9000	2.443519	-1708.185	
10000	2.321343	-1708.185	
11000	2.321343	-1708.185	
12000	2.205276	-1708.185	
13000	2.205276	-1708.185	
13075.62	2.205276	-1707.053	
13079.31	2.205276	-1706.886	
13084.75	2.205276	-1706.868	
13084.81	2.205276	-1706.856	
13097.62	2.205276	-1706.106	
14000	2.095012	-1706.106	
15000	2.095012	-1706.106	
16000	1.990261	-1706.106	
17000	1.990261	-1706.106	
18000	1.890748	-1706.106	
19000	1.890748	-1706.106	
20000	1.796211	-1706.106	
21000	1.796211	-1706.106	
22000	1.7064	-1706.106	
23000	1.7064	-1706.106	
24000	1.62108	-1706.106	
25000	1.62108	-1706.106	
26000	1.540026	-1706.106	
27000	1.540026	-1706.106	
27075.38	1.540026	-1706.073	
27075.56	1.540026	-1706.051	
27683.38	1.540026	-1705.071	
28000	1.463025	-1705.071	
29000	1.463025	-1705.071	
30000	1.389874	-1705.071	
31000	1.389874	-1705.071	
32000	1.32038	-1705.071	
33000	1.32038	-1705.071	
34000	1.254361	-1705.071	
35000	1.254361	-1705.071	
35920.19	1.254361	-1705.014	
35920.25	1.254361	-1704.818	
35920.56	1.254361	-1704.786	
35924.75	1.254361	-1704.59	
35925.44	1.254361	-1704.59	
35925.5	1.254361	-1704.582	
35925.56	1.254361	-1704.568	
35925.88	1.254361	-1704.568	
35926	1.254361	-1704.502	
35926.25	1.254361	-1704.342	
36000	1.191643	-1704.342	
37000	1.191643	-1704.342	
38000	1.132061	-1704.342	
39000	1.132061	-1704.342	
40000	1.075458	-1704.342	
41000	1.075458	-1704.342	
42000	1.021685	-1704.342	
43000	1.021685	-1704.342	
44000	0.9706006	-1704.342	
45000	0.9706006	-1704.342	
45474.88	0.9706006	-1704.32	
45482.94	0.9706006	-1704.311	
45483.12	0.9706006	-1704.309	
45517.75	0.9706006	-1704.187	
45521	0.9706006	-1704.174	
45521.19	0.9706006	-1704.097	
45529.75	0.9706006	-1703.602	
46000	0.9220706	-1703.602	
47000	0.9220706	-1703.602	
48000	0.8759671	-1703.602	
49000	0.8759671	-1703.602	
50000	0.8321687	-1703.602	
51000	0.8321687	-1703.602	
52000	0.7905603	-1703.602	
53000	0.7905603	-1703.602	
54000	0.7510323	-1703.602	
55000	0.7510323	-1703.602	
56000	0.7134807	-1703.602	
57000	0.7134807	-1703.602	
58000	0.6778066	-1703.602	
59000	0.6778066	-1703.602	
60000	0.6439163	-1703.602	
61000	0.6439163	-1703.602	
62000	0.6117205	-1703.602	
63000	0.6117205	-1703.602	
64000	0.5811345	-1703.602	
65000	0.5811345	-1703.602	
66000	0.5520777	-1703.602	
67000	0.5520777	-1703.602	
67794.44	0.5520777	-1703.588	
67898.31	0.5520777	-1703.584	
67900.62	0.5520777	-1703.431	
67900.81	0.5520777	-1703.35	
67958.5	0.5520777	-1703.34	
67958.75	0.5520777	-1703.067	
68000	0.5244738	-1703.067	
69000	0.5244738	-1703.067	
70000	0.4982502	-1703.067	
71000	0.4982502	-1703.067	
72000	0.4733376	-1703.067	
73000	0.4733376	-1703.067	
74000	0.4496708	-1703.067	
75000	0.4496708	-1703.067	
76000	0.4271872	-1703.067	
77000	0.4271872	-1703.067	
77285.75	0.4271872	-1702.867	
77421.88	0.4271872	-1702.865	
78000	0.4058279	-1702.865	
78488.5	0.4058279	-1702.741	
78489.88	0.4058279	-1702.639	
78490.12	0.4058279	-1702.615	
78496.75	0.4058279	-1702.597	
78497.88	0.4058279	-1702.57	
78498.06	0.4058279	-1702.55	
78498.19	0.4058279	-1702.321	
78498.25	0.4058279	-1702.313	
78687.12	0.4058279	-1702.279	
78709.44	0.4058279	-1702.236	
78761.25	0.4058279	-1702.232	
78761.31	0.4058279	-1702.219	
78761.56	0.4058279	-1702.217	
78761.62	0.4058279	-1702.206	
78761.81	0.4058279	-1702.202	
78762.12	0.4058279	-1702.17	
78919.62	0.4058279	-1702.145	
78920	0.4058279	-1702.064	
78920.06	0.4058279	-1701.969	
78920.12	0.4058279	-1701.934	
78920.25	0.4058279	-1701.934	
78936.62	0.4058279	-1701.91	
78951.19	0.4058279	-1701.756	
78951.31	0.4058279	-1701.736	
78952	0.4058279	-1701.713	
78953.06	0.4058279	-1701.651	
78953.88	0.4058279	-1701.564	
79000	0.4058279	-1701.564	
79107.88	0.4058279	-1701.467	
79136.19	0.4058279	-1701.415	
79136.25	0.4058279	-1701.415	
79136.31	0.4058279	-1701.402	
79165.44	0.4058279	-1701.4	
79165.5	0.4058279	-1701.386	
79165.75	0.4058279	-1701.303	
79167.44	0.4058279	-1701.109	
79167.56	0.4058279	-1701.109	
79167.75	0.4058279	-1701.094	
79168.06	0.4058279	-1701.082	
79177.5	0.4058279	-1701.022	
79177.62	0.4058279	-1700.994	
79178.88	0.4058279	-1700.895	
79179.12	0.4058279	-1700.895	
79181.62	0.4058279	-1700.887	
80000	0.3855365	-1700.887	
81000	0.3855365	-1700.887	
82000	0.3662596	-1700.887	
83000	0.3662596	-1700.887	
84000	0.3479467	-1700.887	
84084.94	0.3479467	-1700.847	
84085	0.3479467	-1700.847	
84085.19	0.3479467	-1700.84	
84085.25	0.3479467	-1700.786	
85000	0.3479467	-1700.786	
86000	0.3305493	-1700.786	
87000	0.3305493	-1700.786	
87325.75	0.3305493	-1700.767	
88000	0.3140219	-1700.767	
88106.81	0.3140219	-1700.763	
88107	0.3140219	-1700.721	
88107.06	0.3140219	-1700.715	
88107.25	0.3140219	-1700.69	
89000	0.3140219	-1700.69	
90000	0.2983208	-1700.69	
90216.06	0.2983208	-1700.674	
90216.31	0.2983208	-1700.662	
91000	0.2983208	-1700.662	
92000	0.2834047	-1700.662	
93000	0.2834047	-1700.662	
94000	0.2692345	-1700.662	
95000	0.2692345	-1700.662	
96000	0.2557728	-1700.662	
97000	0.2557728	-1700.662	
98000	0.2429841	-1700.662	
99000	0.2429841	-1700.662	
99531.69	0.2429841	-1700.653	
1e+05	0.2308349	-1700.653	
